-1.251135 18.923155 4.626045
-1.479333 17.957829 2.813832
-1.550118 17.010824 1.218932
-1.411998 16.092982 -0.063119
-1.310497 15.162546 -1.326610
-1.329111 14.276852 -2.596530
-1.394960 13.437996 -3.749798
-1.335345 12.547525 -4.770135
-1.369431 11.776271 -5.679359
-1.337486 11.107812 -6.383579
-1.311897 10.585086 -7.028672
-1.148829 10.072252 -7.594618
-0.847936 9.638376 -7.986451
-0.584388 9.239446 -8.350476
-0.255394 8.749377 -8.786701
0.015455 8.315460 -9.150339
0.217188 7.940661 -9.469681
0.340883 7.703881 -9.789634
0.499424 7.529465 -10.104696
0.727596 7.405168 -10.302541
0.832464 7.369878 -10.553113
0.866055 7.351680 -10.754402
0.912793 7.294423 -10.818938
1.012110 7.176103 -10.861779
1.167636 7.008984 -10.972117
1.364409 6.839797 -11.139641
1.487670 6.771870 -11.256786
1.521485 6.714508 -11.406187
1.533283 6.660147 -11.555730
1.550054 6.602846 -11.686247
1.538573 6.578819 -11.834461
1.609299 6.515648 -11.990155
1.725419 6.426699 -12.095379
1.827828 6.347915 -12.140343
1.912982 6.248481 -12.122454
1.929098 6.125705 -12.054972
1.913802 6.032125 -12.009614
1.859830 6.000329 -11.955813
1.810351 5.981342 -11.910942
1.755323 5.976760 -11.890811
1.715471 6.005476 -11.835396
1.680336 6.023784 -11.799302
1.660192 6.013514 -11.765379
1.629270 6.016575 -11.703505
1.626945 6.025416 -11.700656
1.629923 6.058489 -11.743872
1.614907 6.072513 -11.774093
1.615964 6.039251 -11.818277
1.668096 6.009383 -11.833609
1.725705 5.984145 -11.813172
1.724342 5.936864 -11.811231
1.698151 5.907105 -11.793400
1.672604 5.893835 -11.816636
1.675603 5.875690 -11.831878
1.650418 5.876434 -11.825838
1.627023 5.894238 -11.813568
1.628886 5.907877 -11.792555
1.584019 5.980597 -11.664722
1.449456 6.142213 -11.378837
1.292729 6.334744 -10.775014
1.092114 6.548271 -10.003551
0.739359 6.779041 -9.104654
0.122963 7.097670 -8.105184
-0.612340 7.567313 -6.709157
-1.310071 8.036098 -4.898211
-2.114112 8.616618 -2.869727
-3.070049 9.150050 -1.455433
-3.938224 9.465502 -0.721367
-4.777527 9.867090 -0.225364
-5.505780 10.397365 0.438327
-6.130049 10.954107 1.220655
-6.777170 11.473351 1.747157
-7.456297 12.028380 2.166053
-7.936317 12.535912 2.651252
-8.230004 12.981302 2.943790
-8.380477 13.358966 3.010158
-8.392237 13.650611 2.857330
-8.240811 13.838828 2.401953
-7.852258 13.978252 1.697348
-7.190622 14.097137 0.615889
-6.275944 14.163802 -0.709455
-5.378539 14.267270 -2.027270
-4.591529 14.225203 -3.186488
-3.968099 14.085930 -3.936404
-3.713203 13.987502 -4.399575
-3.707527 13.794551 -4.698175
-3.763343 13.565578 -4.835948
-3.838028 13.335937 -4.934468
-3.894961 13.160250 -4.996080
-3.927130 12.984661 -5.063658
-3.953343 12.860579 -5.094741
-3.980103 12.763042 -5.148069
-4.034892 12.701757 -5.190833
-4.055764 12.635801 -5.176174
-4.056066 12.588486 -5.145893
-4.069445 12.578632 -5.142442
-4.081582 12.527703 -5.158677
-4.123173 12.492621 -5.180427
-4.097175 12.428248 -5.139193
-4.074530 12.376419 -5.164283
-4.017347 12.303806 -5.191904
-3.983525 12.276619 -5.173156
-3.955777 12.222200 -5.181795
-3.909890 12.135494 -5.196406
-3.863845 12.056136 -5.176396
-3.815102 12.005974 -5.120503
-3.784661 11.933499 -5.125930
-3.757406 11.877244 -5.151288
-3.732613 11.828785 -5.127983
-3.648458 11.731236 -5.138520
-3.597900 11.683834 -5.134324
-3.563394 11.635994 -5.107363
-3.508533 11.557348 -5.088169
-3.412889 11.453713 -5.054137
-3.331383 11.412076 -5.004641
-3.302771 11.398934 -4.982079
-3.283436 11.349759 -4.969939
-3.277465 11.337731 -4.943138
-3.261087 11.333539 -4.887334
-3.230656 11.276662 -4.892756
-3.207728 11.236159 -4.860667
-3.207077 11.252402 -4.802159
-3.230571 11.257599 -4.822401
-3.229512 11.238966 -4.831823
-3.234265 11.195852 -4.826422
-3.237841 11.153779 -4.849976
-3.210150 11.106472 -4.844613
-3.170768 11.056777 -4.841717
-3.152876 11.018161 -4.844578
-3.141338 11.027127 -4.858896
-3.102660 11.026016 -4.839783
-3.072647 11.025766 -4.843020
-3.072438 11.003363 -4.878688
-3.090597 10.968144 -4.893458
-3.080455 10.952046 -4.904306
-3.024165 10.944662 -4.930792
-3.043737 10.967051 -4.974688
-3.058530 10.917092 -4.993681
-3.075940 10.908872 -5.004681
-3.050015 10.911146 -5.028084
-3.015618 10.902994 -5.029802
-3.011159 10.890217 -5.054357
-3.053838 10.894009 -5.106796
-3.077739 10.869054 -5.141223
-3.097252 10.858685 -5.162429
-3.089910 10.851284 -5.178284
-3.100526 10.872558 -5.178369
-3.108829 10.886864 -5.173971
-3.118471 10.885647 -5.146575
-3.113521 10.871608 -5.151081
-3.107476 10.858268 -5.141556
-3.076506 10.849184 -5.143249
-3.081713 10.838055 -5.210836
-3.133167 10.823209 -5.288308
-3.144098 10.796853 -5.313107
-3.125471 10.795685 -5.322018
-3.090229 10.821773 -5.329613
-3.078015 10.822791 -5.303446
-3.064692 10.795173 -5.259828
-3.043262 10.776135 -5.258455
-3.030680 10.804426 -5.226802
-3.024518 10.798089 -5.166098
-3.028110 10.772451 -5.172336
-3.026320 10.759825 -5.165772
-3.035018 10.779727 -5.162659
-3.068852 10.791911 -5.204817
-3.103069 10.784912 -5.290001
-3.150998 10.794282 -5.355615
-3.181812 10.787475 -5.422360
-3.187420 10.771689 -5.486077
-3.200334 10.775607 -5.495178
-3.221351 10.772098 -5.484738
-3.233777 10.771023 -5.437331
-3.182559 10.783791 -5.287865
-3.121700 10.812040 -5.170139
-3.114524 10.836483 -5.073712
-3.125640 10.824661 -4.992076
-3.078343 10.764052 -4.916469
-3.059572 10.771963 -4.976924
-3.055364 10.751497 -5.136805
-3.087936 10.718431 -5.337179
-3.133386 10.706792 -5.526260
-3.152161 10.683545 -5.737012
-3.157407 10.649253 -5.940068
-3.207458 10.689121 -6.033628
-3.268331 10.679950 -6.115926
-3.325498 10.664319 -6.182219
-3.342718 10.658098 -6.168594
-3.277190 10.618528 -6.024700
-3.222499 10.620709 -5.906092
-3.136982 10.605878 -5.749069
-3.138201 10.559112 -5.631263
-3.148869 10.481696 -5.532122
-3.130868 10.436932 -5.497400
-3.099432 10.440608 -5.471639
-3.074314 10.421012 -5.514525
-3.041445 10.398024 -5.566137
-2.965410 10.323590 -5.580452
-2.914503 10.298580 -5.608095
-2.891927 10.262335 -5.691206
-2.882094 10.193157 -5.715433
-2.856511 10.148170 -5.701808
-2.812094 10.137402 -5.718092
-2.781808 10.143485 -5.705174
-2.815906 10.152051 -5.707822
-2.835248 10.158848 -5.704591
-2.842033 10.178159 -5.704708
-2.858791 10.189565 -5.711780
-2.901238 10.187428 -5.734593
-2.997942 10.096142 -5.878743
-3.144422 10.070230 -6.053091
-3.163048 10.083171 -6.218928
-2.899035 10.009406 -6.492948
-2.482147 10.038873 -6.788123
-1.756695 10.159595 -7.070288
-0.793386 10.504543 -7.303610
0.179788 10.913924 -7.448139
0.914456 11.171314 -7.592474
1.036699 11.288883 -7.824743
0.615848 11.122606 -8.179617
-0.027293 10.761874 -8.467095
-0.823051 10.417942 -8.762110
-1.553807 10.119882 -9.014037
-2.057707 9.713864 -9.204992
-2.230957 9.395339 -9.186394
-2.021097 9.393247 -9.140756
-1.504841 9.612582 -9.221759
-0.825318 9.883323 -9.286639
-0.301314 10.048566 -9.452654
-0.335855 10.039191 -9.801906
-0.852086 9.836903 -10.056281
-1.396983 9.485979 -9.976450
-1.687181 9.225214 -9.642821
-1.711673 9.217173 -9.225602
-1.490420 9.326776 -8.819852
-1.236773 9.432115 -8.483551
-1.042272 9.377217 -8.363912
-0.985282 9.330779 -8.349697
-0.945409 9.286135 -8.239898
-1.002814 9.322260 -8.086557
-1.119478 9.284104 -7.972805
-1.357658 9.207142 -7.956810
-1.694562 9.108609 -7.907513
-2.008083 9.022391 -7.803130
-2.182916 9.032880 -7.780330
-2.166870 9.155892 -7.796295
-2.002336 9.328544 -7.799028
-1.785373 9.463557 -7.756949
-1.704440 9.549439 -7.718328
-1.771778 9.544037 -7.689900
-1.939812 9.505910 -7.676773
-2.043976 9.427870 -7.652953
-2.028948 9.379214 -7.641017
-1.948559 9.403536 -7.588298
-1.849613 9.458444 -7.437198
-1.736848 9.424643 -7.305595
-1.740849 9.452311 -7.261917
-1.771956 9.479125 -7.273523
-1.796456 9.479503 -7.273892
-1.838877 9.532105 -7.256630
-1.861216 9.523206 -7.231384
-1.943884 9.525008 -7.193026
-1.997979 9.484357 -7.144735
-2.031679 9.471511 -7.152378
-2.033220 9.474243 -7.167341
-2.049630 9.512853 -7.239848
-2.090363 9.521613 -7.295003
-2.191842 9.531422 -7.195362
-2.357616 9.587734 -6.724846
-2.818482 9.799376 -5.925327
-3.491871 10.069312 -4.855055
-4.407176 10.434859 -3.590490
-5.390262 10.963901 -2.045035
-6.248339 11.532233 -0.468942
-6.860371 12.071778 0.703446
-7.054473 12.544936 1.464186
-6.964511 13.071708 2.101700
-6.936964 13.452506 2.822564
-7.050789 13.617250 3.399158
-7.072885 13.722934 3.831042
-6.924369 13.776350 3.971197
-6.786788 13.950060 3.904694
-6.586223 14.102573 3.758685
-6.426159 14.244774 3.390268
-6.291091 14.313495 2.859794
-6.203409 14.348981 2.242036
-6.139301 14.290736 1.706420
-6.182314 14.211161 1.264794
-6.241488 14.047409 0.959239
-6.215875 13.854397 0.851537
-6.091294 13.713730 1.026911
-6.000422 13.583602 1.173148
-6.001357 13.432361 1.217148
-6.028857 13.329039 1.258854
-6.110084 13.141933 1.269669
-6.266353 12.864895 1.287633
-6.352109 12.596900 1.439106
-6.321585 12.398383 1.714201
-6.152976 12.315667 2.068113
-5.816306 12.314694 2.526774
-5.356332 12.444597 3.018586
-4.978770 12.691850 3.351202
-4.697095 13.040644 3.708790
-4.592267 13.454496 4.077486
-4.641648 13.688993 4.248803
-4.727680 13.832901 4.374804
-4.777886 13.957946 4.696328
-4.772220 13.967497 5.143527
-4.853143 13.969177 5.537576
-5.004584 14.000528 5.825115
-5.128549 14.061329 5.998495
-5.215254 14.125888 6.015991
-5.180746 14.156400 6.064618
-5.127772 14.192053 6.098757
-5.058680 14.183146 6.110224
-5.067801 14.149855 6.020252
-5.195731 14.101135 5.752913
-5.291879 14.072835 5.561652
-5.282860 14.060763 5.505487
-5.195185 14.110949 5.567079
-5.124124 14.186604 5.447554
-5.055702 14.186922 5.153334
-5.024062 14.220542 4.803045
-4.988772 14.220666 4.515998
-4.941895 14.189389 4.316761
-4.877066 14.149628 4.199700
-4.807607 14.118170 3.948790
-4.651909 13.994901 3.764172
-4.508997 13.859054 3.725987
-4.327952 13.635891 3.650348
-4.029807 13.412827 3.551493
-3.510554 13.199565 3.409422
-2.892737 13.122430 3.045815
-2.294618 13.098971 2.434050
-1.925448 12.988351 1.470412
-1.902176 12.776756 0.245919
-2.064037 12.359971 -1.060626
-2.438568 11.849356 -2.535513
-2.901228 11.303874 -4.134046
-3.164242 11.053089 -5.048913
-3.121870 10.972558 -5.103321
-3.003829 10.929704 -5.052450
-2.895421 10.887606 -5.162590
-2.640642 10.782093 -5.190778
-2.374658 10.525338 -5.199995
-2.182855 10.206549 -5.282963
-2.015602 9.858849 -5.451839
-1.960037 9.632068 -5.625274
-1.978213 9.383400 -5.738423
-2.129711 9.186689 -5.860252
-2.308771 9.168352 -5.966583
-2.367969 9.245179 -5.837532
-2.333674 9.329046 -5.596295
-2.260510 9.294916 -5.459859
-2.240315 9.201562 -5.336616
-2.293358 9.022089 -5.170589
-2.426996 8.881305 -5.052298
-2.501264 8.807997 -4.886944
-2.422774 8.732143 -4.822836
-2.251221 8.664800 -4.794833
-1.964270 8.463638 -4.734839
-1.728170 8.168097 -4.698227
-1.596990 7.965464 -4.425315
-1.555426 7.876058 -4.220524
-1.498931 7.820876 -4.265893
-1.408837 7.830485 -4.342117
-1.309352 7.889619 -4.319854
-1.218196 7.956623 -4.323488
-1.078604 8.043476 -4.378817
-0.887097 8.174687 -4.419256
-0.832288 8.296488 -4.478364
-0.917519 8.402748 -4.549951
-1.029631 8.493047 -4.580781
-1.138378 8.598278 -4.587376
-1.281604 8.683865 -4.597825
-1.416081 8.730043 -4.666447
-1.555606 8.792191 -4.694691
-1.665768 8.769482 -4.723063
-1.742169 8.754230 -4.718320
-1.673837 8.675482 -4.661899
-1.547413 8.625751 -4.556511
-1.425170 8.617044 -4.469884
-1.317733 8.635886 -4.395873
-1.233833 8.687090 -4.303104
-1.171994 8.740025 -4.256801
-1.122762 8.816985 -4.252930
-1.085497 8.888891 -4.261839
-1.059914 8.924648 -4.272057
-1.051391 8.924619 -4.334127
-1.085674 8.937561 -4.410024
-1.111257 8.974788 -4.461107
-1.166628 9.044666 -4.505062
-1.223733 9.114819 -4.560616
-1.288238 9.205670 -4.590838
-1.338815 9.267309 -4.599971
-1.401887 9.372110 -4.567736
-1.434122 9.409618 -4.521207
-1.509390 9.464420 -4.486796
-1.624537 9.582073 -4.438824
-1.676027 9.623857 -4.376581
-1.760542 9.649311 -4.306052
-1.843023 9.665267 -4.222096
-1.912061 9.693978 -4.083217
-1.960393 9.720642 -4.019380
-1.973456 9.751227 -3.971187
-1.989183 9.751840 -3.909869
-1.983382 9.759522 -3.846868
-1.980292 9.781011 -3.834929
-1.983054 9.752716 -3.824289
-1.996640 9.690721 -3.770656
-2.028666 9.649060 -3.674549
-2.102274 9.692348 -3.577609
-2.190328 9.782605 -3.378802
-2.328710 9.866558 -2.997823
-2.585229 10.009493 -2.436276
-2.916133 10.136902 -1.642308
-3.382737 10.377922 -0.661641
-3.882117 10.620599 0.493269
-4.428036 10.942590 1.744517
-4.848855 11.291935 3.035198
-5.127648 11.497834 4.008660
-5.246273 11.679332 4.793271
-5.328750 11.853217 5.392505
-5.407784 11.978976 5.681279
-5.418959 12.063725 5.792708
-5.413314 12.169254 5.719618
-5.335221 12.227376 5.576203
-5.280153 12.287035 5.391326
-5.159376 12.279376 5.068037
-5.055767 12.327539 4.681339
-4.923833 12.397925 4.356485
-4.817407 12.411194 4.008457
-4.809713 12.444437 3.653039
-4.839392 12.473662 3.274884
-4.816827 12.438678 2.867637
-4.792719 12.454406 2.515663
-4.759014 12.491396 2.149443
-4.636186 12.521734 1.730857
-4.447291 12.650385 1.220848
-4.227747 12.744111 0.679517
-4.100480 12.856069 0.203741
-4.082311 12.891545 -0.132547
-4.159265 12.868707 -0.333088
-4.235866 12.755614 -0.447728
-4.302605 12.607859 -0.645599
-4.310589 12.437276 -0.954838
-4.265813 12.266553 -1.310823
-4.146793 12.045230 -1.569854
-4.026393 11.859818 -1.768856
-3.964859 11.727421 -1.876351
-3.883384 11.557193 -1.942255
-3.738211 11.362823 -1.986300
-3.625131 11.276186 -2.092363
-3.480137 11.183005 -2.318618
-3.385045 11.064475 -2.653213
-3.333519 10.947974 -3.052663
-3.312151 10.846610 -3.462295
-3.248916 10.703979 -3.663039
-3.195421 10.588338 -3.728001
-3.141001 10.475983 -3.745209
-3.044417 10.308141 -3.787181
-2.976888 10.153793 -3.883626
-2.964723 10.025718 -3.999529
-2.958706 9.878207 -4.126514
-2.949046 9.750453 -4.296776
-2.866219 9.682837 -4.415085
-2.762908 9.690879 -4.410574
-2.671495 9.708974 -4.318415
-2.609583 9.733637 -4.203419
-2.460636 9.713703 -4.018541
-2.353638 9.715924 -3.990081
-2.353049 9.668354 -4.136591
-2.420062 9.577883 -4.220956
-2.610112 9.541518 -4.316213
-2.751808 9.485348 -4.398711
-2.829094 9.422683 -4.486022
-2.761379 9.388689 -4.517662
-2.629570 9.375380 -4.525714
-2.502007 9.306748 -4.519416
-2.416288 9.242473 -4.435195
-2.375077 9.183808 -4.422977
-2.328644 9.149994 -4.394152
-2.278177 9.178651 -4.267041
-2.276430 9.225964 -4.149614
-2.279704 9.256611 -4.175048
-2.271068 9.297528 -4.208656
-2.304342 9.338495 -4.264387
-2.322821 9.321313 -4.325284
-2.316576 9.284759 -4.385829
-2.308738 9.250681 -4.484457
-2.265791 9.181045 -4.600628
-2.251544 9.121478 -4.796937
-2.230018 9.026267 -5.029249
-2.231989 8.963598 -5.351483
-2.165245 8.880184 -5.695177
-2.122600 8.886641 -6.112870
-2.037480 8.884810 -6.515253
-1.904583 8.847917 -6.983528
-1.749248 8.734922 -7.620083
-1.563834 8.272396 -8.375803
-1.618357 7.511550 -9.197230
-1.648015 6.663074 -10.072558
-1.469569 6.216150 -11.012524
-1.099425 6.051961 -11.881307
-0.551957 5.874390 -12.513663
-0.016978 5.708374 -13.030353
0.526809 5.469228 -13.492023
0.880390 5.230162 -13.951393
1.124171 4.972374 -14.393193
1.450643 4.681791 -14.828633
1.825017 4.375701 -15.150382
2.052618 4.062976 -15.371282
2.351932 3.683638 -15.626899
2.591721 3.455105 -15.772060
2.794928 3.226262 -15.864881
2.925685 3.052051 -15.916684
3.178821 2.901375 -15.917471
3.405030 2.812822 -15.757067
3.602113 2.741757 -15.696783
3.853248 2.660448 -15.655215
4.107588 2.565501 -15.493025
4.258572 2.497151 -15.272444
4.374857 2.373287 -15.093891
4.436505 2.284644 -15.047752
4.524007 2.197118 -14.993377
4.599174 2.085409 -14.788434
4.633957 1.998816 -14.530588
4.658341 2.000447 -14.324626
4.689540 1.958350 -14.160148
4.670969 1.914967 -14.006722
4.636938 1.891265 -13.854633
4.612763 1.867618 -13.747912
4.593705 1.923103 -13.705929
4.567486 2.016311 -13.716241
4.511464 2.130605 -13.805758
4.443906 2.194704 -13.893603
4.368117 2.262372 -14.036565
4.256688 2.333861 -14.181527
4.162304 2.384682 -14.245995
4.061572 2.412680 -14.256273
3.958091 2.470449 -14.181055
3.836165 2.562359 -14.052129
3.748360 2.587616 -13.836495
3.643790 2.603714 -13.617589
3.616658 2.551173 -13.430993
3.611090 2.539541 -13.309908
3.643925 2.508023 -13.186700
3.712851 2.484459 -13.027985
3.735297 2.535048 -12.790805
3.712057 2.518270 -12.632279
3.653902 2.509194 -12.617201
3.646816 2.554402 -12.814385
3.702498 2.664637 -13.384944
3.640636 2.857978 -14.178469
3.363807 3.012665 -14.672262
2.938324 3.061085 -14.909822
2.522000 3.110733 -15.147878
2.321413 3.140032 -15.407549
2.353277 3.173395 -15.529483
2.537562 3.185355 -15.576605
2.780311 3.184813 -15.554375
2.982681 3.134690 -15.514573
3.103231 3.075828 -15.436468
3.157957 3.041441 -15.236629
3.242641 2.983801 -15.003067
3.359107 2.962831 -14.828770
3.472576 2.940387 -14.715841
3.475019 2.948961 -14.621007
3.490071 2.906339 -14.439196
3.528587 2.866306 -14.257235
3.603990 2.855766 -14.077768
3.680571 2.878266 -13.899736
3.684655 2.909467 -13.724435
3.664317 2.842871 -13.553417
3.586433 2.835560 -13.302866
3.480206 2.920764 -12.986366
3.391937 2.955127 -12.810892
3.323167 2.960104 -12.711473
3.313443 2.930691 -12.652063
3.341799 2.920564 -12.697635
3.368696 2.973611 -12.766247
3.343233 3.045450 -12.799881
3.330017 3.025872 -12.821844
3.323217 2.968529 -12.860331
3.274439 2.966910 -12.904075
3.207885 2.978496 -13.004100
3.163440 3.004901 -13.091870
3.143740 3.034519 -13.163810
3.095985 3.053343 -13.228380
3.041113 3.014705 -13.332757
3.059020 2.903902 -13.436600
3.070889 2.874755 -13.431884
3.126158 2.881450 -13.417142
3.159278 2.919668 -13.348569
3.164772 2.955414 -13.201503
3.204228 2.983690 -13.069193
3.270569 3.082685 -13.078123
3.293733 3.198794 -13.082182
3.263283 3.207599 -13.000346
3.206603 3.118029 -12.837637
3.124786 3.107042 -12.672961
3.146276 3.103397 -12.602762
3.165503 3.122271 -12.628392
3.143931 3.116350 -12.637907
3.147329 3.060150 -12.514252
3.143805 3.069230 -12.235188
3.112930 3.093415 -11.977843
3.092561 3.066047 -11.689185
3.045622 2.988257 -11.343591
3.065755 2.903646 -11.119899
3.085596 2.909739 -11.057820
3.096031 2.918683 -11.123936
3.095044 2.912839 -11.239966
3.071960 2.920558 -11.346710
3.021029 2.968308 -11.503184
2.960085 3.018866 -11.581143
2.895828 3.072164 -11.647842
2.887136 3.075036 -11.776839
2.845029 3.123662 -11.834270
2.830112 3.143902 -11.815137
2.819244 3.109700 -11.783839
2.809054 3.082255 -11.732246
2.802480 3.059873 -11.690124
2.841782 3.019192 -11.646016
2.844211 3.032394 -11.647181
2.858589 3.031972 -11.636193
2.869671 3.045529 -11.567333
2.889213 3.062598 -11.554297
2.839907 3.095049 -11.608947
2.794607 3.056691 -11.680095
2.785886 3.019141 -11.726568
2.827295 3.004856 -11.779722
2.904851 3.003976 -11.865136
2.951520 3.041085 -11.921246
2.918850 3.112003 -11.862700
2.823079 3.150657 -11.833447
2.760752 3.130260 -11.830356
2.765442 3.107954 -11.762749
2.801461 3.095510 -11.700665
2.796717 3.116475 -11.603056
2.722365 3.142338 -11.458488
2.661556 3.102947 -11.298070
2.653889 3.095871 -11.182604
2.707195 3.091721 -11.129854
2.783786 3.095816 -11.121862
2.855869 3.089030 -11.144006
2.867783 3.105074 -11.165618
2.881725 3.141839 -11.153466
2.879813 3.193359 -11.228487
2.765469 3.342480 -11.404984
2.726654 3.449227 -11.497003
2.688410 3.537233 -11.483176
2.675418 3.541188 -11.582207
2.701155 3.503320 -11.727350
2.642758 3.510264 -11.839623
2.579347 3.503601 -11.872575
2.563587 3.464474 -11.923634
2.593149 3.419765 -11.948243
2.617152 3.381261 -11.939678
2.611374 3.365507 -11.916435
2.613964 3.347213 -11.887712
2.614061 3.319482 -11.841237
2.603555 3.315569 -11.791449
2.600542 3.286435 -11.789466
2.610536 3.248897 -11.805761
2.638517 3.266629 -11.775924
2.666136 3.288120 -11.693303
2.683627 3.269478 -11.592797
2.680760 3.247688 -11.543915
2.661125 3.253396 -11.539701
2.604351 3.241610 -11.560655
2.570628 3.224095 -11.541591
2.602432 3.256056 -11.509208
2.650819 3.320367 -11.513353
2.723886 3.302419 -11.534390
2.738747 3.240252 -11.570726
2.721191 3.246760 -11.598900
2.725069 3.251769 -11.654143
2.725354 3.220059 -11.648189
2.743660 3.185528 -11.559545
2.803792 3.127248 -11.483586
2.835952 3.107215 -11.454661
2.818642 3.120116 -11.447099
2.784358 3.149721 -11.467191
2.806047 3.155678 -11.481375
2.850407 3.115130 -11.449273
2.865184 3.053443 -11.498412
2.860262 3.035444 -11.565576
2.834623 3.068352 -11.588880
2.837836 3.058924 -11.594837
2.845657 3.054407 -11.563159
2.878704 3.036223 -11.520855
2.868705 3.052340 -11.516177
2.888302 3.006244 -11.514393
2.901553 2.972017 -11.475096
2.945992 3.022264 -11.428510
2.944390 3.062782 -11.400559
2.904884 3.049698 -11.392358
2.850300 3.075543 -11.399001
2.807713 3.071479 -11.430209
2.726908 3.073965 -11.452213
2.736233 3.064342 -11.454469
2.796031 3.082510 -11.428389
2.823524 3.084486 -11.434153
2.800666 3.075188 -11.484092
2.774796 3.052622 -11.514888
2.778730 3.039227 -11.488744
2.834670 3.007045 -11.451732
2.887276 3.025333 -11.421424
2.904196 2.995231 -11.406394
2.867659 2.953124 -11.435171
2.852814 2.987987 -11.411800
2.811666 3.052767 -11.391506
2.787894 3.021008 -11.371307
2.806637 2.951105 -11.316446
2.873706 2.929563 -11.274160
2.901213 2.976478 -11.271311
2.881277 3.000677 -11.276731
2.840904 3.004944 -11.256865
2.833349 3.005482 -11.258068
2.829707 3.035621 -11.281084
2.832600 3.041656 -11.286458
2.811698 3.030226 -11.290088
2.762355 3.011120 -11.320330
2.683586 3.024060 -11.336562
2.680106 3.002178 -11.350039
2.743325 2.989945 -11.350062
2.746428 3.037201 -11.336536
2.720382 3.038556 -11.269664
2.653928 3.062050 -11.194528
2.596249 3.100037 -11.242208
2.611329 3.088720 -11.308583
2.580761 3.112206 -11.287967
2.555966 3.189305 -11.394398
2.559986 3.298527 -11.557225
2.592751 3.328569 -11.639960
2.579043 3.306952 -11.721168
2.456472 3.317401 -11.873700
2.317604 3.359163 -11.950175
2.181047 3.417021 -11.924407
2.042715 3.479823 -11.859331
1.876238 3.592788 -11.756832
1.692309 3.700699 -11.689938
1.514196 3.780358 -11.632361
1.423014 3.827170 -11.639254
1.444056 3.847205 -11.640897
1.446694 3.854074 -11.656220
1.500597 3.827060 -11.634163
1.608222 3.796135 -11.662043
1.840990 3.666169 -11.745405
2.158993 3.503111 -11.790753
2.517153 3.363464 -11.808027
2.806876 3.227172 -11.865153
2.994802 3.093859 -11.925765
3.203928 2.850308 -11.928480
3.441757 2.603026 -11.871611
3.653190 2.438288 -11.734012
3.835471 2.310922 -11.687815
3.959373 2.255837 -11.582959
4.023763 2.211647 -11.494761
4.044381 2.207005 -11.418893
3.977004 2.259254 -11.410818
3.829583 2.341730 -11.438897
3.650865 2.443347 -11.541822
3.379041 2.636631 -11.687945
3.110943 2.795767 -11.786793
2.901990 2.931286 -11.800814
2.698274 3.046771 -11.874902
2.470099 3.174615 -11.928166
2.252832 3.298754 -11.911221
2.112445 3.347908 -11.862606
1.966735 3.394461 -11.809847
1.786632 3.449295 -11.674659
1.581245 3.557774 -11.580980
1.486787 3.605153 -11.495342
1.468609 3.649307 -11.409821
1.412956 3.705922 -11.432628
1.348859 3.701718 -11.420260
1.339775 3.671062 -11.367186
1.455593 3.642884 -11.325583
1.573704 3.637170 -11.325674
1.648925 3.592891 -11.309801
1.686414 3.574211 -11.278832
1.726612 3.586362 -11.318785
1.757236 3.561116 -11.337587
1.812422 3.478073 -11.311924
1.884489 3.403119 -11.276155
1.942385 3.381365 -11.253616
1.945391 3.403776 -11.259021
1.908900 3.443608 -11.252818
1.864825 3.431943 -11.241870
1.850535 3.394318 -11.227629
1.859335 3.387964 -11.179671
1.864750 3.401486 -11.090649
1.840859 3.414845 -11.086598
1.798628 3.435520 -11.095631
1.760033 3.469628 -11.082890
1.750518 3.479642 -11.084278
1.792735 3.415383 -11.110488
1.824804 3.395760 -11.112406
1.867567 3.350875 -11.121743
1.873337 3.322092 -11.136683
1.870940 3.337486 -11.161574
1.912608 3.346543 -11.207800
1.965681 3.346548 -11.216518
2.014562 3.331747 -11.228417
2.034139 3.317128 -11.256614
2.031107 3.310767 -11.256869
2.012108 3.318458 -11.240445
1.994967 3.329494 -11.215579
1.961029 3.343124 -11.208345
1.954102 3.344148 -11.214047
1.945710 3.364761 -11.183873
1.957786 3.380275 -11.172884
1.979579 3.363683 -11.197119
1.965054 3.344149 -11.184135
1.952718 3.321484 -11.189961
1.988152 3.305710 -11.228974
2.026133 3.322026 -11.268366
2.019685 3.361811 -11.266702
2.003094 3.355696 -11.178617
1.988651 3.322881 -11.161792
2.034990 3.312325 -11.197635
2.048769 3.341968 -11.217102
2.025653 3.341308 -11.268129
1.997951 3.334752 -11.304860
2.009790 3.321869 -11.358197
1.983133 3.364491 -11.394365
1.926604 3.382112 -11.424706
1.882884 3.342163 -11.486310
1.888084 3.311716 -11.521291
1.943158 3.320355 -11.501445
1.985788 3.331218 -11.421617
2.036666 3.307299 -11.308928
2.020237 3.332164 -11.265450
1.972840 3.365336 -11.217835
1.904403 3.399686 -11.229410
1.810886 3.474386 -11.244076
1.765743 3.508099 -11.221220
1.750758 3.538224 -11.242822
1.715611 3.582347 -11.308608
1.678751 3.653496 -11.373532
1.686640 3.677767 -11.375628
1.747076 3.632267 -11.306886
1.786976 3.579745 -11.272987
1.903449 3.513620 -11.223703
2.031274 3.475903 -11.227528
2.167638 3.367003 -11.254869
2.186181 3.303038 -11.261481
2.251177 3.243306 -11.268657
2.332577 3.250747 -11.266191
2.388515 3.260142 -11.244185
2.343379 3.248947 -11.187077
2.261249 3.204562 -11.132317
2.235493 3.162964 -11.125831
2.254157 3.175781 -11.120936
2.285711 3.217109 -11.115119
2.271879 3.260016 -11.078201
2.236133 3.298817 -11.080719
2.196454 3.337058 -11.123625
2.209686 3.316381 -11.205228
2.210512 3.311277 -11.262892
2.204692 3.320760 -11.233168
2.154745 3.345445 -11.223963
2.097168 3.334185 -11.213859
2.049150 3.323084 -11.192138
2.028453 3.324491 -11.159217
1.998458 3.360974 -11.145577
1.966547 3.387350 -11.191281
1.959137 3.367080 -11.259133
1.941225 3.398596 -11.257262
1.981872 3.424497 -11.284740
1.998105 3.427833 -11.384744
1.981278 3.397448 -11.480886
1.976440 3.373665 -11.492977
1.935663 3.367495 -11.516028
1.928393 3.371506 -11.488724
1.924761 3.398233 -11.437901
1.907853 3.419737 -11.415913
1.911186 3.415289 -11.374186
1.870480 3.411814 -11.361815
1.796342 3.434098 -11.331490
1.751063 3.441211 -11.307099
1.753818 3.505107 -11.294502
1.774394 3.563629 -11.242480
1.777850 3.600394 -11.186900
1.780134 3.517513 -11.160525
1.790500 3.406867 -11.194267
1.793601 3.362890 -11.273237
1.782625 3.389496 -11.317427
1.820579 3.421957 -11.310327
1.827794 3.498086 -11.290383
1.771651 3.570745 -11.280956
1.644430 3.598323 -11.267447
1.504074 3.619348 -11.290164
1.437926 3.639425 -11.331148
1.425430 3.646565 -11.361650
1.369735 3.680143 -11.395935
1.337229 3.678574 -11.403705
1.306014 3.680143 -11.407871
1.291984 3.685536 -11.424738
1.289796 3.705274 -11.418825
1.320912 3.696903 -11.415411
1.332168 3.704625 -11.411733
1.372139 3.686440 -11.390378
1.407537 3.657470 -11.362671
1.432594 3.617286 -11.331738
1.443809 3.609138 -11.287106
1.426931 3.636120 -11.281974
1.431373 3.617557 -11.290667
1.444943 3.573325 -11.295627
1.481587 3.558061 -11.289884
1.525929 3.574603 -11.321465
1.530982 3.593527 -11.345322
1.541790 3.567505 -11.350852
1.523784 3.605275 -11.340847
1.538529 3.603118 -11.375353
1.537727 3.584263 -11.400242
1.575819 3.543280 -11.396563
1.622622 3.547607 -11.394634
1.637613 3.575518 -11.381669
1.598268 3.607512 -11.376202
1.546333 3.615646 -11.363729
1.540607 3.605890 -11.373491
1.580422 3.572414 -11.381119
1.614290 3.558845 -11.366050
1.659464 3.551231 -11.360149
1.652987 3.603831 -11.369127
1.621458 3.605301 -11.399851
1.598794 3.558711 -11.406072
1.625798 3.539517 -11.411525
1.673769 3.556633 -11.451284
1.665884 3.595179 -11.525455
1.654357 3.556322 -11.524988
1.595550 3.548869 -11.540813
1.586703 3.558944 -11.574121
1.589180 3.563418 -11.592768
1.603960 3.548089 -11.609228
1.641361 3.545396 -11.583188
1.731299 3.515046 -11.551335
1.812144 3.470144 -11.537049
1.827282 3.418544 -11.537170
1.792781 3.412763 -11.499017
1.820558 3.391900 -11.479301
1.851609 3.421680 -11.451193
1.851005 3.447917 -11.413545
1.841293 3.420509 -11.399261
1.809510 3.412474 -11.437003
1.824827 3.376424 -11.454611
1.879935 3.331406 -11.457354
1.936454 3.355925 -11.448083
1.958714 3.403799 -11.447016
1.909607 3.420040 -11.461612
1.913498 3.349913 -11.441777
1.945630 3.324058 -11.434327
1.985614 3.328864 -11.426113
2.009869 3.330156 -11.408835
1.995684 3.349482 -11.379235
1.982644 3.357151 -11.377053
1.946801 3.372337 -11.415683
1.929098 3.392197 -11.429582
1.964879 3.410222 -11.473402
2.025025 3.563502 -11.524867
2.363879 3.749578 -11.611902
3.084672 4.180506 -11.659470
3.965430 4.660449 -11.889363
4.604436 4.958617 -12.009559
4.732331 5.063116 -12.042296
4.464109 4.905683 -12.077081
3.986545 4.619791 -12.111299
3.484733 4.319678 -12.110632
3.117381 4.018804 -12.024522
2.919655 3.833334 -11.815491
2.855728 3.829127 -11.623962
2.880592 3.841278 -11.615445
2.888043 3.861766 -11.597886
2.834509 3.886277 -11.562155
2.803928 3.848249 -11.541597
2.720874 3.880166 -11.481652
2.647827 3.927258 -11.375558
2.587643 3.957349 -11.289724
2.485514 4.010079 -11.228092
2.421003 4.003564 -11.198064
2.334618 4.011398 -11.167164
2.197074 4.034663 -11.036175
2.031024 4.008499 -10.778971
1.611377 3.975320 -10.441517
0.640885 3.824153 -9.953608
-0.793421 3.401339 -9.117045
-2.477744 2.802704 -8.314686
-4.204338 2.040190 -7.730610
-5.808006 1.315462 -7.377106
-7.080100 0.689668 -7.156553
-7.938640 0.238827 -7.050413
-8.516361 -0.004289 -6.988824
-8.886574 -0.124125 -6.757295
-9.089812 0.020250 -6.370589
-9.029685 0.335543 -6.021539
-8.801267 0.981993 -5.601977
-8.360745 1.991007 -4.690238
-7.601347 3.267823 -3.066659
-6.837095 4.683591 -1.166076
-6.044747 6.009239 0.893602
-5.425243 7.225033 2.848294
-5.019164 8.203865 4.415054
-4.659585 9.134806 5.582989
-4.301538 9.936891 6.342382
-4.037261 10.609358 6.713963
-3.785131 11.339796 6.918902
-3.432835 12.058285 7.264494
-3.061821 12.538081 7.560084
-2.809893 12.994379 7.828471
-2.672668 13.453201 8.139417
-2.590486 13.739580 8.262918
-2.709392 13.942136 8.153435
-2.860641 14.089043 7.984317
-2.983220 14.219068 7.755191
-3.093199 14.244636 7.434996
-3.138767 14.206418 7.177069
-3.157415 14.187835 7.129620
-3.215976 14.183238 7.072816
-3.291427 14.196465 6.987581
-3.375942 14.180170 6.814160
-3.475335 14.086876 6.601804
-3.677536 13.926746 6.300153
-3.951890 13.690809 5.917782
-4.147834 13.528432 5.667179
-4.180937 13.432188 5.591051
-4.138539 13.439878 5.639326
-4.029079 13.406401 5.745566
-3.990060 13.352142 5.821027
-3.987005 13.187089 5.912394
-4.092459 12.996378 5.938436
-4.225703 12.812655 5.906328
-4.315803 12.723887 5.859597
-4.335307 12.694516 5.743793
-4.349582 12.700131 5.575883
-4.433307 12.660695 5.304674
-4.532838 12.549539 4.921153
-4.655494 12.346109 4.415665
-4.843906 12.219552 3.823742
-4.966098 12.047862 3.161578
-4.868874 11.805712 2.527472
-4.641886 11.644330 1.962030
-4.332109 11.568254 1.419402
-3.898034 11.516623 0.747499
-3.176066 11.610541 -0.134578
-2.155535 11.911195 -1.050529
-0.943045 12.476960 -2.111251
0.586290 12.950267 -3.243919
2.254224 13.280706 -3.975275
3.630000 13.695872 -3.971312
4.593528 14.020068 -3.671089
5.437313 14.151158 -3.614997
6.147663 14.355219 -3.491097
6.769712 14.564904 -3.455169
7.243126 14.782979 -3.699026
7.432905 15.189244 -3.983350
7.352186 15.889956 -4.019191
6.942957 16.453235 -3.447624
6.054809 16.341352 -2.238555
4.628090 15.690638 -1.064555
3.049462 14.791925 -0.052561
1.597403 13.887961 0.838054
0.440551 13.118407 1.622919
-0.443539 12.645209 2.224716
-1.128709 12.351895 2.634430
-1.631636 12.287381 2.917121
-1.912036 12.262160 3.103180
-2.047636 12.288308 3.157221
-2.100311 12.335698 3.089112
-2.180518 12.397679 2.889731
-2.161423 12.356933 2.573870
-2.013868 12.330757 1.940064
-1.822094 12.319461 0.996784
-1.611465 12.305229 -0.116074
-1.472996 12.305934 -1.293353
-1.263949 12.391411 -2.144241
-0.843065 12.629447 -2.494912
-0.236823 12.779325 -2.515733
0.241670 12.825445 -2.451158
0.669019 12.626447 -2.288249
0.957695 12.457775 -1.988418
1.103176 12.462507 -1.405869
1.112618 12.551574 -0.498873
0.898451 12.602467 0.576269
0.285998 12.836585 1.339117
-0.338443 13.095980 1.823791
-0.895134 13.480931 2.132845
-1.384266 13.760280 2.333407
-1.716685 13.842085 2.493590
-1.911875 13.885119 2.639782
-2.028623 14.052426 2.721863
-2.089560 14.282299 2.690159
-2.147754 14.533593 2.630582
-2.111284 14.647300 2.641335
-1.941984 14.766809 2.773543
-1.636943 14.974860 2.929576
-1.295981 15.173874 3.318443
-1.073323 15.456918 3.964555
-0.907220 15.754283 4.645292
-0.587154 15.979893 5.261238
-0.217205 16.159305 5.797577
0.010421 16.440994 6.258801
0.129028 16.741492 6.784920
0.310061 16.938600 7.547103
0.556491 17.067493 8.328254
0.690042 17.346292 8.755668
1.110060 17.494878 9.196700
1.470553 17.935307 9.756972
1.800736 18.278483 10.233688
1.961285 18.514338 10.711251
1.971970 18.696502 11.145011
2.096274 18.724297 11.534451
2.310762 18.763939 11.847774
2.438876 18.977785 12.113182
2.528840 19.073915 12.391340
2.546606 19.081509 12.578740
2.617239 19.019752 12.742596
2.731387 19.068112 12.948743
2.894886 19.161621 13.161802
3.068547 19.236999 13.365679
3.155129 19.332610 13.485983
3.238687 19.398568 13.633555
3.248314 19.425414 13.653110
3.159644 19.526307 13.688339
3.063084 19.572420 13.791065
3.009136 19.510081 13.857647
2.939616 19.578283 13.921254
2.976866 19.615189 13.997424
3.063032 19.581442 14.012417
3.096648 19.579024 14.040885
3.083699 19.504623 14.002215
3.002596 19.410591 13.919819
2.902398 19.369475 13.680683
2.845771 19.380250 13.386819
2.817453 19.333869 12.879260
2.648046 19.309618 11.976593
2.366087 19.121402 10.561585
1.797748 18.889853 8.555262
0.843112 18.660713 6.116076
-0.005368 18.347065 4.272243
-0.673877 18.077714 3.381793
-1.085448 17.719846 3.380815
-1.395587 17.443223 4.191708
-1.808766 17.189567 5.041570
-2.219502 16.780071 5.631527
-2.614315 16.506718 5.991215
-2.784164 16.459723 6.369935
-2.819651 16.524083 6.618962
-2.739096 16.642773 6.891090
-2.537875 16.770998 7.304441
-2.349521 16.917902 7.727773
-2.274344 17.147909 8.051978
-2.222135 17.248509 8.255024
-2.211873 17.232347 8.300995
-2.193553 17.282180 8.390291
-2.172969 17.411884 8.551665
-2.092426 17.356489 8.514909
-2.104989 17.425206 8.504656
-2.332687 17.480542 8.418612
-2.658108 17.531393 8.286520
-2.913911 17.549004 8.180904
-3.040315 17.560117 8.085717
-3.038845 17.604543 8.085873
-3.077356 17.637446 7.960380
-3.139833 17.708278 7.933787
-3.189666 17.588620 7.858008
-3.390238 17.443326 7.689070
-3.684537 17.427164 7.616048
-3.891034 17.427463 7.619879
-3.975720 17.442803 7.569566
-3.989718 17.513808 7.451291
-3.939579 17.533239 7.250937
-3.835259 17.551792 6.999040
-3.572840 17.527886 6.626855
-3.269816 17.563971 6.123030
-2.989127 17.568734 5.547487
-2.727428 17.481335 4.973284
-2.534288 17.402236 4.329493
-2.394246 17.322320 3.612307
-2.390262 17.062236 2.613665
-2.296806 16.744674 1.593132
-1.940167 16.338844 0.588937
-1.746495 16.073011 -0.641059
-1.514815 15.742555 -1.817326
-1.223745 15.278035 -3.166586
-0.966508 14.822205 -4.533707
-0.710042 14.237857 -5.904524
-0.408280 13.650863 -7.114884
-0.281953 13.221250 -8.011609
-0.235525 12.681558 -8.711781
-0.170706 12.131258 -9.300634
-0.182886 11.889975 -9.733382
-0.076598 11.571753 -10.171196
-0.055417 11.434360 -10.491421
0.006918 11.314187 -10.612904
0.002201 11.186857 -10.676964
0.036969 11.003270 -10.610962
0.078606 10.774359 -10.602150
0.108647 10.621397 -10.531394
0.153254 10.524865 -10.418607
0.212135 10.463205 -10.252343
0.265349 10.443830 -10.076954
0.295307 10.411897 -9.918684
0.262025 10.397650 -9.751576
0.188287 10.443622 -9.483037
0.119584 10.458568 -9.212144
-0.026091 10.467635 -9.069669
-0.077815 10.397901 -9.023714
-0.063319 10.343157 -9.006129
-0.066545 10.348729 -8.999983
-0.071987 10.332764 -8.963797
-0.088783 10.345310 -8.908958
-0.111287 10.399567 -8.870732
-0.145914 10.419012 -8.864469
-0.147453 10.406835 -8.851361
-0.106465 10.428743 -8.768974
-0.065280 10.436724 -8.688156
-0.098111 10.442288 -8.474844
-0.282718 10.550446 -7.838763
-0.600311 10.857577 -6.481325
-0.990958 11.321428 -4.434987
-1.426526 11.919392 -1.868372
-1.838459 12.567838 0.948930
-2.215123 13.196827 3.556321
-2.444966 13.788465 5.636696
-2.482612 14.291795 7.030748
-2.438943 14.707319 7.760872
-2.193605 15.002123 8.345162
-1.966705 15.217324 8.642010
-1.902524 15.381571 8.603101
-1.769249 15.369382 8.552507
-1.680208 15.484107 8.687768
-1.580760 15.613483 8.802290
-1.468482 15.802231 9.008188
-1.372789 15.921705 9.175126
-1.415634 16.041001 9.201079
-1.588007 16.147349 9.153936
-1.755918 16.116636 9.104399
-1.921411 16.102663 9.073489
-2.076630 16.041914 8.980009
-2.189921 16.008018 8.897000
-2.319657 16.044572 8.745420
-2.387819 16.076066 8.503141
-2.459565 16.104217 8.241844
-2.514790 16.111098 7.938338
-2.536563 16.050913 7.549269
-2.513009 16.027494 7.254863
-2.548411 16.004485 6.966850
-2.670085 15.930426 6.716527
-2.790864 15.911259 6.573589
-2.821845 15.861311 6.457115
-2.854564 15.782086 6.257166
-2.885403 15.671915 6.066448
-2.924954 15.547663 6.022506
-2.907305 15.380713 5.953016
-2.854084 15.311643 5.858264
-2.676378 15.155425 5.707774
-2.544547 15.083017 5.513027
-2.326018 14.903937 5.294882
-2.199020 14.739902 5.022536
-2.160295 14.625432 4.605503
-2.048510 14.452533 4.092834
-1.759065 14.155533 3.323988
-1.501117 14.033944 2.293528
-1.219226 13.936317 1.135962
-0.936831 13.708160 -0.197863
-0.638327 13.501315 -1.535204
-0.412862 13.357179 -2.978846
-0.183329 13.090511 -4.396675
0.009308 12.786235 -5.598395
0.097317 12.466605 -6.550296
0.164585 12.129917 -7.324383
0.218484 11.868605 -7.947943
0.362929 11.601779 -8.353106
0.508235 11.349028 -8.590670
0.553816 11.127545 -8.707652
0.644297 10.857752 -8.815256
0.728424 10.660802 -8.860834
0.866245 10.462716 -8.976015
0.960377 10.381833 -9.022720
1.043732 10.310376 -9.056560
1.076372 10.239114 -9.097388
1.017168 10.262861 -9.083906
0.917626 10.292336 -9.056069
0.855089 10.263768 -9.013911
0.857389 10.292711 -8.935044
0.906603 10.293183 -8.885642
0.883124 10.284674 -8.874123
0.869058 10.229976 -8.777209
0.859995 10.197381 -8.731186
0.829682 10.206975 -8.746711
0.809950 10.217141 -8.725015
0.830089 10.182476 -8.714956
0.821326 10.189100 -8.706880
0.841490 10.159181 -8.672765
0.852202 10.119480 -8.616252
0.814412 10.151608 -8.386363
0.740052 10.229177 -7.804203
0.564369 10.458175 -6.555018
0.213580 10.953183 -4.869980
-0.278571 11.511468 -3.183128
-0.697468 12.086339 -1.191887
-1.146696 12.645960 1.044936
-1.483209 13.168401 3.323232
-1.626753 13.837346 5.399681
-1.451933 14.605657 7.375542
-1.199116 15.319201 9.259827
-0.956195 15.834574 11.013618
-0.651523 16.184641 12.413001
-0.231607 16.653419 13.710344
0.108880 17.009031 14.393515
0.114352 17.461519 14.592825
0.043110 17.756099 14.632039
-0.126899 17.942875 14.355998
-0.329665 18.066752 13.904399
-0.569571 18.154922 13.340005
-0.874418 18.215636 12.765106
-1.258352 18.307099 12.270295
-1.470398 18.244839 11.899882
-1.634510 18.228206 11.534677
-1.789708 18.261439 11.037168
-1.898014 18.288454 10.452341
-1.969557 18.232854 9.896289
-2.085791 18.121406 9.361660
-2.229947 17.989023 8.898101
-2.412924 17.865716 8.450315
-2.522978 17.743551 8.090945
-2.601621 17.671233 7.851910
-2.646985 17.623881 7.673227
-2.640429 17.566018 7.505490
-2.569385 17.494481 7.367556
-2.564652 17.421986 7.179437
-2.593965 17.320298 6.978051
-2.624646 17.214695 6.768974
-2.607960 17.111364 6.489666
-2.602883 17.140854 6.217431
-2.545839 17.232838 5.960702
-2.403544 17.270312 5.785414
-2.284610 17.263770 5.696569
-2.228526 17.134154 5.512368
-2.210835 17.023674 5.202309
-2.116324 16.930728 4.808876
-2.010576 16.882980 4.439998
-1.920762 16.761319 4.047056
-1.963582 16.752685 3.648811
-1.838934 16.520558 3.212007
-1.749206 16.313149 2.536757
-1.575871 16.088335 1.740508
-1.192699 15.740088 0.711203
-0.915715 15.343943 -0.777862
-0.777387 14.851143 -2.479726
-0.599371 14.259424 -4.153073
-0.448869 13.797066 -5.626863
-0.172672 13.197907 -7.057206
0.113178 12.626514 -8.193628
0.240474 12.040314 -9.073891
0.357715 11.455419 -9.704232
0.490175 10.866492 -10.214913
0.586605 10.398901 -10.710466
0.784362 10.004111 -11.103279
1.007237 9.647748 -11.436167
1.210263 9.339931 -11.653762
1.342780 9.086231 -11.832708
1.465919 8.902054 -11.950291
1.594749 8.731875 -12.077339
1.687910 8.630938 -12.098392
1.735951 8.609160 -12.022959
1.761370 8.562316 -11.986145
1.750181 8.527139 -11.937026
1.711841 8.470242 -11.896143
1.653473 8.440940 -11.866993
1.636204 8.402031 -11.831593
1.614845 8.427029 -11.819763
1.595867 8.472884 -11.796224
1.563853 8.472491 -11.759711
1.518639 8.450380 -11.746042
1.495997 8.447075 -11.750304
1.509655 8.447528 -11.769140
1.528129 8.407288 -11.791711
1.515405 8.398986 -11.790276
1.499387 8.375583 -11.779378
1.556088 8.294463 -11.760227
1.609379 8.242003 -11.745685
1.692630 8.189653 -11.717023
1.755606 8.145544 -11.724608
1.779763 8.129315 -11.737053
1.775676 8.128134 -11.731311
1.795935 8.105254 -11.755114
1.798517 8.099255 -11.773584
1.861886 8.101055 -11.860045
1.860354 8.093667 -11.967571
1.702161 8.048955 -11.976096
1.570074 7.954135 -11.968498
1.487829 7.929044 -11.970969
1.496710 7.936221 -11.958961
1.558301 7.984190 -11.995797
1.529776 8.035032 -12.180823
1.499421 8.022099 -12.306466
1.482766 8.013603 -12.291246
1.519276 8.005084 -12.282676
1.550693 8.028659 -12.280415
1.599631 7.998342 -12.263223
1.612186 7.980109 -12.243798
1.648203 7.959466 -12.227331
1.709842 7.936511 -12.213716
1.740553 7.906884 -12.191520
1.747358 7.859175 -12.119517
1.743601 7.815953 -12.081439
1.748491 7.797824 -12.113069
1.758778 7.851777 -12.092741
1.780205 7.848674 -12.094087
1.791867 7.830290 -12.153365
1.815601 7.860842 -12.204133
1.863803 7.911851 -12.194333
1.885839 7.899165 -12.178966
1.898502 7.837352 -12.145214
1.903776 7.799002 -12.125230
1.980363 7.748239 -12.102482
2.014186 7.756516 -12.081660
1.973738 7.770747 -12.086145
1.928801 7.741848 -12.090819
1.898666 7.721312 -12.073210
1.891725 7.726972 -12.073191
1.869420 7.768485 -12.101221
1.849174 7.756867 -12.140817
1.805653 7.730453 -12.130324
1.782363 7.720810 -12.121615
1.801061 7.732353 -12.121824
1.860659 7.729214 -12.098664
1.936461 7.697928 -12.048225
1.965545 7.675729 -12.043353
1.941455 7.670959 -12.068925
1.924300 7.674983 -12.077062
1.916003 7.651019 -12.074261
1.895554 7.647672 -12.055164
1.882112 7.641796 -12.049488
1.900064 7.634121 -12.026890
1.925991 7.629448 -12.006730
1.957112 7.592283 -11.997530
1.955759 7.584566 -11.989390
1.955723 7.574485 -12.003918
1.918446 7.564950 -12.031027
1.932426 7.538067 -11.992838
1.957283 7.538321 -11.998606
1.992204 7.544713 -12.036192
2.014982 7.522118 -12.045852
2.012340 7.519876 -12.009275
2.014209 7.484863 -11.978121
2.025253 7.440753 -11.940834
2.092108 7.414188 -11.886039
2.162322 7.401133 -11.868239
2.174649 7.400597 -11.861664
2.138934 7.424840 -11.852379
2.134623 7.416725 -11.876765
2.135660 7.440656 -11.872643
2.155225 7.450070 -11.846867
2.139292 7.458078 -11.850990
2.105617 7.458824 -11.859035
2.087169 7.462229 -11.841242
2.090766 7.446261 -11.817890
2.029333 7.532530 -11.713941
1.865777 7.690694 -11.416991
1.598409 7.897428 -10.763657
1.228400 8.260480 -9.472703
0.751820 8.752418 -7.691648
0.137216 9.361066 -5.834863
-0.558912 10.148537 -4.186063
-0.952829 11.007347 -2.964889
-1.057690 12.099240 -2.118394
-0.503491 13.372562 -1.351020
0.599500 14.865250 -0.582401
1.936663 16.489351 0.356987
3.164573 17.940534 1.210302
3.946844 19.124090 1.881113
3.798359 19.770991 2.382514
2.799347 19.658924 2.781103
1.304112 19.267535 3.301021
-0.128592 18.673160 3.755781
-1.289250 18.195661 4.020167
-1.978988 17.957842 4.223423
-2.215188 17.870490 4.123588
-2.146387 17.910421 3.852465
-2.042223 18.019574 3.558457
-2.095354 18.051685 3.163871
-2.230320 18.024188 2.775681
-2.340165 17.985065 2.488374
-2.385680 17.926199 2.270457
-2.389941 17.856673 2.065836
-2.374739 17.798565 1.882902
-2.381310 17.754602 1.682598
-2.373271 17.698320 1.533656
-2.345917 17.591047 1.364739
-2.306392 17.460396 1.190224
-2.362354 17.378272 0.990501
-2.445078 17.325060 0.736247
-2.499395 17.322632 0.566094
-2.493878 17.316650 0.491498
-2.487488 17.235669 0.386108
-2.428128 17.181325 0.371591
-2.247789 17.076825 0.378349
-2.120565 17.038804 0.270361
-1.958209 17.011391 0.273700
-1.793405 17.010299 0.425943
-1.681501 17.026088 0.527796
-1.573995 17.057157 0.675619
-1.556089 17.057322 0.798837
-1.582996 16.980166 0.879328
-1.583033 16.897338 0.999705
-1.506887 16.918007 1.178398
-1.315460 16.987606 1.417529
-1.082127 17.060415 1.637511
-1.004081 17.075544 1.733958
-1.059483 17.027165 1.841009
-1.165918 16.909768 1.853761
-1.247559 16.874423 1.839242
-1.253161 16.926336 1.898562
-1.170803 17.012146 2.072664
-1.008354 17.014302 2.313096
-0.949254 16.986872 2.475685
-0.967614 16.879912 2.525381
-1.012405 16.736808 2.581756
-0.994396 16.714515 2.634044
-0.859712 16.860212 2.786686
-0.648208 16.904217 3.031050
-0.566941 16.879751 3.204363
-0.655100 16.811529 3.275525
-0.700281 16.667603 3.315594
-0.683411 16.692600 3.362647
-0.472238 16.713046 3.534381
-0.307838 16.715177 3.685287
-0.292691 16.633917 3.740401
-0.418655 16.597777 3.762918
-0.502276 16.653264 3.799854
-0.444517 16.711073 3.945849
-0.349852 16.711253 4.126259
-0.337288 16.639550 4.193065
-0.458156 16.598005 4.197859
-0.531942 16.607779 4.223228
-0.464211 16.678198 4.357720
-0.347565 16.695616 4.532133
-0.318589 16.669307 4.686148
-0.315858 16.642281 4.770115
-0.269626 16.613214 4.856201
-0.229226 16.546972 4.900521
-0.254961 16.480599 4.945448
-0.335500 16.488688 4.987698
-0.306698 16.456285 5.145526
-0.284325 16.457722 5.286964
-0.308418 16.425819 5.384176
-0.361345 16.379581 5.403508
-0.440331 16.343542 5.348920
-0.493915 16.322280 5.319057
-0.509052 16.352030 5.321932
-0.408593 16.429957 5.479592
-0.215181 16.356944 5.499021
-0.163010 16.339887 5.528694
-0.249786 16.421708 5.602223
-0.290640 16.368445 5.472350
-0.283458 16.372392 5.390300
-0.245137 16.350666 5.420177
-0.303111 16.368586 5.476608
-0.329989 16.324694 5.486994
-0.367293 16.393143 5.484026
-0.343896 16.432019 5.499676
-0.260441 16.448257 5.548750
-0.076620 16.306543 5.535201
-0.049164 16.292925 5.596898
-0.142651 16.268227 5.598984
-0.313318 16.218716 5.583170
-0.435882 16.134955 5.552848
-0.588379 16.318007 5.606305
-0.559234 16.401157 5.623410
-0.420361 16.386718 5.580286
-0.450229 16.545584 5.613553
-0.512306 16.423185 5.400512
-0.693452 16.353006 5.209481
-0.855247 16.303981 5.085832
-0.934930 16.319853 5.165793
-0.969445 16.331585 5.310909
-0.962706 16.311781 5.480738
-0.853028 16.114440 5.586884
-0.800002 16.093800 5.751354
-0.813531 16.075941 5.843011
-0.815905 16.024405 5.930387
-0.787287 15.975149 6.016282
-0.745701 15.946387 5.971340
-0.761252 15.917987 5.736528
-1.026511 15.770335 5.618168
-1.408002 15.569713 5.540676
-1.835962 15.618671 5.505154
-2.076117 15.638961 5.357641
-2.263775 15.706206 5.352232
-2.312717 15.728385 5.375662
-2.222461 15.787124 5.312591
-2.021128 15.813320 5.128540
-1.792946 15.827410 4.907774
-1.653454 15.873684 4.715121
-1.601279 15.867514 4.477492
-1.646999 15.930746 4.308241
-1.642765 15.974244 4.216148
-1.573131 15.933476 4.009361
-1.415165 15.894338 3.873440
-1.267010 15.793911 3.767154
-1.119404 15.611013 3.651400
-1.055669 15.412472 3.418705
-0.956696 15.227090 3.117003
-0.757361 15.063065 2.917407
-0.627984 14.971088 2.740152
-0.437355 14.736555 2.593244
-0.305281 14.526655 2.211466
-0.142834 14.246135 1.505395
0.000374 13.849855 0.429354
0.292105 13.235719 -0.836640
0.633798 12.637081 -2.190942
1.112038 11.942444 -3.617846
1.537688 11.298157 -4.969450
1.989737 10.527457 -6.430701
2.296075 9.829050 -7.949456
2.721511 9.067253 -9.359829
3.174114 8.378788 -10.662902
3.627232 7.801117 -11.823603
4.122743 7.322319 -12.698626
4.717721 6.949537 -13.312263
5.242882 6.776484 -13.797744
5.737485 6.858618 -14.066618
6.205696 7.265557 -13.979407
6.737665 7.878943 -13.448036
7.226318 8.612988 -12.678393
7.708265 9.134680 -12.083071
8.214289 9.499550 -11.475999
8.597907 9.800061 -10.798119
8.864083 9.946407 -10.061806
9.100671 10.038488 -9.264601
9.308341 10.106466 -8.654605
9.366732 10.157999 -8.171660
9.375532 10.240153 -7.692515
9.346207 10.342004 -7.113606
9.282282 10.383105 -6.650389
9.267963 10.356435 -6.521516
9.322919 10.195631 -6.732548
9.343887 9.999934 -7.035056
9.329085 9.828281 -7.298589
9.348632 9.705031 -7.444774
9.466670 9.681325 -7.440327
9.652983 9.722266 -7.305445
9.789438 9.835383 -7.002368
9.940031 9.950624 -6.658815
10.006745 10.089687 -6.397023
10.015566 10.071248 -6.332689
9.844235 9.982692 -6.420519
9.671708 9.761574 -6.633049
9.556760 9.577435 -6.936158
9.479660 9.493445 -7.244117
9.439530 9.365199 -7.493842
9.262004 9.226582 -7.809790
8.960613 9.007863 -8.313842
8.562675 8.754060 -8.963616
8.128028 8.434103 -9.757217
7.627123 8.192626 -10.596340
7.038437 8.060088 -11.493495
6.338469 8.004210 -12.431430
5.521579 8.069569 -13.270885
4.689248 8.311383 -14.000366
3.686287 8.721299 -14.721496
2.947085 8.938177 -15.176271
2.387122 9.165775 -15.284799
2.044086 9.254699 -15.159344
1.869447 9.206800 -14.962727
1.824145 9.064253 -14.868304
1.843804 8.939711 -14.785220
1.950996 8.785079 -14.638589
2.104424 8.611315 -14.452566
2.207545 8.502235 -14.257385
2.175016 8.529988 -13.926914
2.129177 8.505054 -13.487563
2.024330 8.465355 -13.121720
1.987179 8.387440 -12.817638
2.001392 8.347494 -12.576583
2.044796 8.296681 -12.376480
1.960822 8.437749 -11.918415
1.622403 8.727947 -10.756063
1.091099 9.226154 -8.455191
0.413310 9.933496 -5.455669
-0.476024 10.882388 -2.394835
-1.429590 11.757908 0.403377
-2.292143 12.470383 2.966556
-2.843086 13.080848 5.377833
-3.230751 13.775091 7.375690
-3.336843 14.227006 8.544918
-3.255445 14.710201 9.425030
-3.098055 15.112443 10.128620
-2.826454 15.279299 10.414430
-2.629602 15.609845 10.530923
-2.501904 15.978965 10.551473
-2.503960 16.313971 10.321510
-2.471114 16.432768 9.795898
-2.603109 16.682550 9.169404
-2.722586 16.889364 8.382556
-2.709556 17.113451 7.587615
-2.592198 17.327955 6.557511
-2.379424 17.640754 5.376201
-2.110205 18.002029 4.418649
-1.896775 18.365040 4.211970
-1.800285 18.670963 4.858162
-1.808295 18.775595 5.630291
-1.930016 18.747707 6.268930
-1.837693 18.549587 7.013241
-1.784747 18.434206 7.830405
-1.731868 18.294724 8.414899
-1.608027 18.197159 8.587248
-1.457605 18.117581 8.300922
-1.446094 17.986172 7.530356
-1.572018 17.889940 6.655857
-1.758133 17.937680 6.199276
-1.779520 17.872114 6.044163
-1.794185 17.899194 6.194930
-1.768703 17.783736 6.428546
-1.899252 17.649794 6.417664
-2.056551 17.529882 6.303165
-2.185695 17.349179 6.149029
-2.364585 17.189362 5.928552
-2.520573 17.001995 5.652371
-2.730678 16.934487 5.383598
-2.881708 16.780502 5.109082
-3.049148 16.715793 4.856605
-3.187638 16.695552 4.671759
-3.389158 16.722009 4.523499
-3.742199 16.620663 4.364737
-4.252922 16.513212 4.117670
-4.650457 16.250545 3.722409
-4.840111 15.984082 3.155561
-4.889437 15.812810 2.323306
-4.723534 15.503174 1.301361
-4.499009 15.048135 0.056472
-4.290588 14.489672 -1.507454
-4.101064 13.895588 -3.372186
-3.837641 13.239048 -5.383828
-3.218111 12.413004 -7.143622
-2.536850 11.675816 -8.799826
-1.529104 10.918318 -10.354506
-0.643988 10.487876 -11.749293
-0.332437 9.985565 -12.924212
-0.399155 9.370242 -14.010934
-0.324890 8.709702 -15.000500
-0.033253 8.305936 -15.859335
0.432051 8.074519 -16.636478
1.105726 7.723398 -17.300577
1.701292 7.417889 -17.786569
2.191188 7.054184 -18.259609
2.576335 6.658285 -18.714325
2.791432 6.413159 -19.039098
3.053940 6.179558 -19.228041
3.269097 6.043298 -19.162057
3.479569 5.882145 -19.132048
3.703851 5.870653 -18.973951
3.838227 5.858084 -18.640403
3.913797 5.866394 -18.148880
3.977842 5.840169 -17.607452
4.055059 5.827705 -17.062961
4.083145 5.763647 -16.642980
4.053334 5.672731 -16.208627
4.010804 5.538267 -15.914796
3.932980 5.494493 -15.760635
3.869080 5.490278 -15.610155
3.769066 5.451753 -15.475081
3.621505 5.392424 -15.399575
3.492192 5.345211 -15.268695
3.356946 5.348058 -15.091456
3.243886 5.386119 -14.946515
3.183825 5.424201 -14.761047
3.140451 5.466331 -14.598137
3.079328 5.488030 -14.449961
3.057515 5.504262 -14.314901
3.058767 5.456311 -14.233136
2.997832 5.486371 -14.142013
3.011418 5.457647 -13.951125
2.969271 5.478226 -13.802094
3.002863 5.471960 -13.682595
2.975719 5.508075 -13.618750
2.943317 5.553940 -13.546500
2.895543 5.607631 -13.440820
2.872310 5.582223 -13.242204
2.790543 5.628693 -12.971005
2.678615 5.753335 -12.548594
2.347532 6.024979 -11.859414
1.812429 6.414520 -10.581097
1.162854 6.964663 -8.469726
0.283754 7.803102 -5.595269
-0.616435 8.827844 -2.247709
-1.477897 9.907792 0.890657
-2.033714 10.912803 3.935506
-2.230274 11.844382 6.619285
-2.206577 12.771290 8.494283
-1.989446 13.726697 9.986659
-1.725493 14.578782 11.164361
-1.329987 15.101167 12.038024
-1.218905 15.811324 12.583140
-1.045728 16.310762 12.923446
-1.112506 16.723815 12.954171
-1.273569 17.041810 12.746789
-1.504315 17.342764 12.377793
-1.680290 17.635201 12.028991
-1.763079 17.758376 11.788377
-1.811369 17.863585 11.672425
-1.765173 17.904235 11.702117
-1.657790 17.903519 11.733021
-1.631585 17.938224 11.635937
-1.610671 17.857970 11.538527
-1.643992 17.801089 11.448868
-1.676608 17.663117 11.289949
-1.728571 17.526336 11.069410
-1.815111 17.485854 10.852125
-1.929842 17.456529 10.642743
-2.070443 17.495955 10.420964
-2.167673 17.494729 10.218751
-2.234944 17.426691 10.103338
-2.367284 17.326387 9.940022
-2.510910 17.193959 9.767491
-2.611276 17.017069 9.449221
-2.680676 16.940842 8.952601
-2.705484 16.965849 8.345134
-2.695083 16.970222 7.593412
-2.663861 16.891786 6.800413
-2.652632 16.791358 6.171406
-2.491611 16.508471 5.547995
-2.156465 16.119489 4.968769
-1.746974 15.719609 4.480516
-1.327536 15.360668 4.070404
-0.852172 14.954373 3.713140
-0.499629 14.606081 3.562790
-0.260534 14.286292 3.432704
0.032910 13.846463 3.253186
0.442541 13.357745 3.071443
0.716081 13.044954 2.865166
1.034947 12.557090 2.433101
1.334821 11.996604 1.681528
1.672289 11.392914 0.666918
1.959197 10.705844 -0.648357
2.183238 9.763769 -2.042726
2.295737 8.914954 -3.522939
2.601561 8.097857 -5.077052
2.909248 7.450012 -6.603154
3.076918 6.853715 -7.953416
3.099647 6.338519 -9.205780
3.201252 5.876678 -10.268587
3.252794 5.585302 -11.025590
3.308727 5.310676 -11.665328
3.321359 5.081218 -12.182841
3.344624 4.907099 -12.514601
3.451314 4.755940 -12.693540
3.604909 4.639621 -12.850458
3.769838 4.570706 -12.989994
3.862067 4.448791 -13.085176
4.005598 4.400679 -13.116942
4.145659 4.385389 -13.208119
4.078012 4.409064 -13.257673
3.925595 4.381224 -13.223814
3.737414 4.389006 -13.102412
3.661789 4.374400 -12.967637
3.698262 4.337046 -12.864920
3.692624 4.315474 -12.808350
3.680683 4.265041 -12.762074
3.676003 4.209740 -12.720809
3.700290 4.131284 -12.695821
3.723952 4.017768 -12.671092
3.753294 3.956769 -12.638308
3.821982 3.934169 -12.566547
3.853937 3.926875 -12.471500
3.899079 3.868983 -12.414506
3.976534 3.862952 -12.384715
4.024068 3.879029 -12.349611
4.046525 3.884542 -12.249707
4.088591 3.873266 -12.255098
4.051456 3.924831 -12.246758
4.024256 3.886518 -12.211461
3.975574 3.851792 -12.174332
3.931539 3.857413 -12.173859
3.922322 3.870768 -12.143016
3.944449 3.822395 -12.116956
3.971249 3.788479 -12.121631
3.981625 3.790577 -12.122518
3.979472 3.732369 -12.153492
3.952635 3.674154 -12.151501
3.943694 3.655525 -12.139473
4.031142 3.621601 -12.106580
4.124430 3.583513 -12.044432
4.152704 3.566874 -11.914968
4.078469 3.575436 -11.536473
3.858930 3.749200 -10.517439
3.562374 4.160264 -8.582838
3.145224 4.994494 -5.719157
2.581078 6.155587 -2.627321
1.884515 7.452158 -0.059632
1.229959 8.647006 2.141644
0.833851 9.396906 3.931792
0.393490 10.038962 5.173342
0.156250 10.533841 6.265397
-0.041245 11.027367 7.056320
-0.180493 11.465054 7.708949
-0.310636 11.877493 8.208503
-0.320811 12.204653 8.502605
-0.238611 12.461580 8.599364
-0.386621 12.925816 8.830982
-0.550530 13.204514 9.003735
-0.678538 13.369869 9.249892
-0.783518 13.572356 9.592052
-0.828918 13.704862 9.829942
-0.887493 13.840903 9.985380
-1.026203 13.985018 10.035920
-1.206493 14.028348 9.985329
-1.438562 14.016377 9.824382
-1.689233 14.052302 9.595218
-1.977655 14.083134 9.322094
-2.217965 14.010842 9.055144
-2.474811 13.975447 8.857102
-2.755384 14.014410 8.807348
-3.039390 14.088868 8.731177
-3.174780 14.150615 8.643972
-3.241071 14.290084 8.506937
-3.170427 14.386859 8.332794
-2.921422 14.423912 8.154909
-2.639867 14.490895 7.950513
-2.353301 14.447159 7.695298
-2.116167 14.294394 7.425625
-1.924871 14.026718 6.979945
-1.811516 13.931000 6.487667
-1.532996 13.694404 5.843927
-1.124207 13.384269 5.276057
-0.687250 13.023001 4.646472
-0.431893 12.662639 3.657146
-0.300187 12.205055 2.165975
-0.160743 11.789708 0.505558
-0.051815 11.220705 -1.318884
0.131571 10.463362 -2.834291
0.084174 9.736833 -4.138577
0.157860 8.804357 -5.264316
0.269127 7.961928 -6.282350
0.589527 7.180896 -7.264685
0.824984 6.602343 -8.255672
1.184169 6.171562 -9.024613
1.546313 5.876995 -9.771736
1.986817 5.504607 -10.460516
2.212548 5.354254 -11.115111
2.551718 5.025178 -11.692398
2.803575 4.824655 -12.222100
2.990931 4.687882 -12.685538
3.116138 4.379326 -13.145948
3.156159 4.115389 -13.358068
3.128279 3.944836 -13.478267
3.133055 3.878314 -13.592867
3.265486 3.833273 -13.659373
3.439156 3.785056 -13.669919
3.594294 3.702217 -13.649068
3.618194 3.653199 -13.608140
3.581561 3.601454 -13.572556
3.571779 3.554275 -13.473987
3.607823 3.553979 -13.333334
3.660406 3.591003 -13.105303
3.643039 3.631814 -12.939255
3.560711 3.664927 -12.808542
3.543737 3.644379 -12.629235
3.567087 3.650879 -12.524437
3.638437 3.665653 -12.507582
3.682468 3.696067 -12.460342
3.713336 3.670319 -12.425684
3.733877 3.632585 -12.419506
3.750172 3.629736 -12.418168
3.775822 3.625929 -12.387212
3.784701 3.683427 -12.274573
3.717647 3.777035 -12.029108
3.463239 4.056026 -11.301700
3.113513 4.516117 -9.840206
2.657933 5.217725 -7.468588
1.921018 6.369160 -4.355485
1.039395 7.804786 -1.048883
0.259199 9.177225 1.919465
-0.447194 10.406982 4.283711
-0.889828 11.310883 6.152072
-1.197975 12.232785 7.677835
-1.410491 13.116129 8.900417
-1.390671 13.680987 9.752648
-1.341271 14.223654 10.365229
-1.261724 14.717037 10.868003
-1.261643 15.203848 11.264263
-1.366275 15.704455 11.507406
-1.622511 16.186394 11.594576
-1.906425 16.497851 11.507660
-2.122111 16.645723 11.468451
-2.394525 16.776224 11.530064
-2.608834 16.929021 11.647504
-2.593519 16.918020 11.795378
-2.553143 16.909915 11.905680
-2.561398 16.886596 11.921335
-2.649330 16.830696 11.810377
-2.795295 16.735494 11.687176
-2.922017 16.641639 11.490152
-2.997339 16.595874 11.205267
-2.888944 16.488495 10.924475
-2.814605 16.447499 10.602383
-2.772464 16.499957 10.359040
-2.749464 16.508453 10.188867
-2.742732 16.424111 10.026428
-2.744597 16.331616 9.878604
-2.692872 16.294243 9.802542
-2.593698 16.288294 9.562190
-2.423412 16.257638 9.367623
-2.292082 16.185783 9.162860
-2.196046 16.046818 9.054320
-2.141447 15.875711 8.924791
-2.075387 15.726378 8.878248
-1.986775 15.541884 8.927192
-1.966737 15.391728 8.858502
-1.944785 15.241781 8.754068
-1.921177 15.056113 8.561495
-1.957339 14.897415 8.281798
-1.935209 14.724144 8.043706
-1.844252 14.518039 7.708004
-1.771133 14.339709 7.105678
-1.816566 14.357332 6.436499
-1.723833 14.108673 5.648156
-1.556544 13.735526 4.713597
-1.339374 13.299795 3.509698
-0.973413 12.650702 2.016639
-0.576969 11.988296 0.590979
-0.128797 11.212782 -0.764918
0.280818 10.455639 -2.006189
0.678831 9.645048 -3.217446
1.047224 8.837846 -4.410240
1.328192 8.173544 -5.577983
1.570790 7.623362 -6.573968
1.764289 7.099276 -7.473117
1.900561 6.602527 -8.180397
1.895317 6.228953 -8.751859
1.929611 5.865352 -9.194054
1.964532 5.649068 -9.425851
2.017821 5.537425 -9.499943
2.081708 5.474588 -9.486523
2.085581 5.519651 -9.343683
1.994881 5.634811 -9.069241
1.762158 5.803298 -8.514706
1.355687 6.132927 -7.400808
1.005080 6.510952 -5.496000
0.489125 7.177371 -3.027027
-0.007767 7.922215 -0.371634
-0.322339 8.703465 2.322138
-0.434001 9.676523 4.890083
-0.267899 10.616310 7.116236
-0.198146 11.476310 8.582793
-0.094131 11.958390 9.539264
-0.095102 12.240058 10.005138
-0.179498 12.536737 10.428748
-0.260923 12.813187 10.868403
-0.340963 13.006166 11.189984
-0.540896 13.299964 11.388656
-0.632734 13.498136 11.598004
-0.752187 13.649696 11.600010
-0.865698 13.786304 11.605784
-0.980961 13.897290 11.685968
-1.079656 13.927123 11.703884
-1.160934 13.938472 11.757627
-1.165464 13.878614 11.798620
-1.179013 13.842852 11.780428
-1.163632 13.842586 11.775313
-1.198750 13.870761 11.722177
-1.343564 13.861792 11.609947
-1.517819 13.715719 11.471075
-1.735826 13.665303 11.347072
-1.906835 13.667478 11.172753
-2.001619 13.672212 11.058390
-2.015453 13.727375 11.047857
-1.978232 13.857548 11.066750
-1.917894 13.931428 11.040209
-1.922562 13.995558 10.960496
-1.915938 14.052097 10.831915
-1.849310 14.105343 10.742122
-1.787007 14.139299 10.674492
-1.714264 14.083841 10.585533
-1.673216 13.970012 10.418776
-1.594412 13.833518 10.223389
-1.495115 13.709511 9.908988
-1.365444 13.640817 9.554662
-1.091366 13.445683 9.213362
-0.932557 13.284629 8.684366
-0.743330 13.056339 7.951526
-0.616045 12.915871 7.084765
-0.581398 12.930069 6.305611
-0.530033 12.829213 5.548928
-0.432168 12.714507 5.031937
-0.262758 12.571870 4.661185
-0.131527 12.408489 4.193353
-0.063930 12.181248 3.521674
-0.020531 11.893717 2.734207
-0.036115 11.527792 1.797337
-0.126582 11.155375 0.688491
-0.347636 10.970602 -0.516031
-0.540327 10.729250 -1.797101
-0.657245 10.415280 -3.136033
-0.817106 10.193138 -4.576558
-0.925863 9.930668 -6.054123
-0.890576 9.567643 -7.362621
-0.827715 9.203480 -8.498687
-0.758398 8.736021 -9.518355
-0.627082 8.340198 -10.372424
-0.481663 8.090174 -11.104301
-0.207125 7.822259 -11.665170
0.006756 7.630824 -12.154033
0.167850 7.475766 -12.520738
0.353023 7.319542 -12.781818
0.501787 7.169055 -12.998684
0.616561 7.062158 -13.135228
0.732792 7.007630 -13.140660
0.876458 6.932551 -13.090413
0.973168 6.877860 -13.040644
1.010255 6.829453 -12.996428
1.012005 6.827369 -12.957364
1.033414 6.824590 -12.879713
1.019843 6.860279 -12.829358
0.947609 6.941694 -12.750961
0.915832 6.954370 -12.648555
0.878370 7.005616 -12.597020
0.857768 7.031243 -12.499391
0.781001 7.100425 -12.291869
0.712814 7.123422 -11.966068
0.598948 7.168773 -11.484157
0.310326 7.401151 -10.481413
-0.067663 7.853454 -8.499741
-0.454294 8.546442 -5.580808
-0.724110 9.407924 -2.238362
-1.164617 10.612179 0.886414
-1.298489 11.518171 3.544088
-1.298674 12.376758 5.620774
-1.216047 13.155574 7.198991
-1.034494 13.905821 8.634395
-0.678625 14.370801 9.698489
-0.365252 14.831670 10.564269
-0.163587 15.232176 11.323830
-0.037009 15.470686 11.916300
-0.018264 15.702212 12.370778
-0.138939 15.992161 12.678509
-0.224260 16.178466 12.853785
-0.307342 16.306040 12.954165
-0.373019 16.426605 13.069826
-0.425148 16.486622 13.037221
-0.472672 16.462718 12.920551
-0.529875 16.382708 12.863132
-0.639424 16.303907 12.737231
-0.760721 16.216017 12.579527
-0.806193 16.218227 12.617992
-0.715224 16.268398 12.784844
-0.654046 16.405537 12.909749
-0.585553 16.400298 12.874032
-0.598926 16.439702 12.762337
-0.592494 16.419890 12.564243
-0.550054 16.342839 12.204927
-0.377951 16.313895 11.968001
-0.294457 16.303572 11.855497
-0.492548 16.431365 11.902015
-0.810582 16.727524 12.233455
-0.847503 17.041971 12.913779
-0.519622 17.110237 13.650952
-0.174706 16.993074 14.126788
-0.006121 16.804554 14.379506
-0.000074 16.644731 14.554771
-0.013177 16.591237 14.738879
0.060577 16.521553 14.909905
0.141532 16.480307 15.087868
0.198749 16.439442 15.190113
0.246536 16.394975 15.328002
0.374945 16.295546 15.437802
0.568887 16.167723 15.544291
0.803106 15.993754 15.625266
0.947130 15.716996 15.514207
0.999084 15.439549 15.360512
1.000750 15.297613 15.254444
1.062566 15.292917 15.333990
1.239792 15.293469 15.610175
1.428521 15.333245 15.884342
1.571654 15.336476 16.085659
1.556560 15.337811 16.059121
1.432293 15.248925 15.895598
1.239934 15.207041 15.709127
1.114505 15.075678 15.400948
0.898012 14.849762 14.871746
0.628334 14.570141 14.313686
0.332913 14.187671 13.778175
0.105754 13.585259 13.199899
-0.168386 12.976114 12.528692
-0.491639 12.275366 11.708782
-0.818945 11.473617 10.898867
-1.232352 10.591159 9.965094
-1.603895 9.551220 8.847794
-2.122200 8.736113 7.757504
-2.755476 7.900705 6.584371
-3.250472 6.935672 5.551490
-3.636212 5.877152 4.722768
-3.902864 4.796128 4.002573
-4.044242 3.798623 3.275028
-4.154066 2.806346 2.644433
-4.257201 1.787924 1.795701
-4.083547 0.855864 0.981657
-3.645651 0.218717 0.272761
-2.930869 -0.345969 -0.472191
-2.435151 -0.609169 -1.030027
-2.131908 -0.899844 -1.308474
-2.185215 -1.168465 -1.302186
-2.724662 -1.566620 -0.932757
-3.673763 -2.055204 -0.396353
-4.518421 -2.481725 -0.262589
-5.067232 -2.685422 -0.503258
-5.508735 -2.615444 -0.900388
-5.737908 -2.558092 -1.409577
-5.956239 -2.436959 -1.870855
-6.351910 -2.277770 -2.126556
-6.785723 -2.201284 -2.227307
-7.207417 -2.059842 -2.316761
-7.600855 -1.939688 -2.550011
-7.983639 -1.728771 -2.844337
-8.263427 -1.534867 -3.426113
-8.446415 -1.261884 -4.222776
-8.463772 -0.882523 -4.942322
-8.403931 -0.450550 -5.532978
-8.408866 0.122459 -6.003669
-8.474219 0.765480 -6.496117
-8.641193 1.549857 -7.013339
-8.927137 2.536811 -7.684136
-9.033204 3.606283 -8.267358
-9.041144 4.965344 -8.726211
-8.970178 6.443487 -9.192948
-8.785004 7.560939 -9.561853
-8.918100 8.091327 -9.726565
-9.329027 8.148822 -9.600246
-9.863030 7.940309 -9.236866
-10.442124 7.604297 -8.746741
-10.934037 7.283497 -8.137416
-11.375036 7.051858 -7.589113
-11.818935 6.793957 -7.146649
-12.307528 6.778934 -6.609281
-12.543896 6.841808 -5.827538
-12.617479 6.926618 -5.071357
-12.650389 7.137299 -4.415075
-12.460722 7.446792 -3.759029
-11.978648 7.860957 -3.202868
-11.276756 8.197002 -2.706637
-10.679668 8.540769 -2.164992
-10.049383 8.676699 -1.489993
-9.579902 8.718297 -0.997946
-9.287154 8.847901 -0.601686
-9.237256 9.063901 -0.316426
-9.328608 9.297379 -0.143802
-9.443369 9.576149 -0.149198
-9.431736 9.927640 -0.288646
-9.420056 10.344360 -0.295447
-9.414946 10.722750 0.001066
-9.460115 11.025317 0.389932
-9.735489 11.337529 0.860393
-10.058863 11.427205 1.255637
-10.651001 11.713527 1.285812
-11.241644 11.974118 1.089204
-11.539616 12.207894 1.108891
-11.685925 12.725067 1.235691
-11.689183 13.232670 1.232197
-11.694754 13.689038 1.151823
-11.735102 14.152709 0.948447
-11.761642 14.651686 0.603917
-11.851484 15.179626 0.310941
-11.937658 15.670001 -0.046563
-11.982158 16.146867 -0.272611
-11.887088 16.401619 -0.675374
-11.608672 16.535498 -1.140572
-11.192943 16.703956 -1.619490
-10.643742 16.659898 -2.052564
-10.000859 16.519044 -2.420162
-9.324365 16.355730 -2.650061
-8.760634 15.971031 -2.934639
-8.279551 15.395146 -3.180140
-7.779248 14.816810 -3.438426
-7.443879 14.345349 -3.695072
-7.214059 13.824021 -3.857223
-7.055520 13.243360 -4.032446
-7.177644 12.729224 -4.219758
-7.657579 12.298108 -4.473975
-8.271332 11.877874 -4.765100
-8.957140 11.421998 -4.948717
-9.750740 10.973171 -4.797609
-10.508188 10.660578 -4.486880
-10.927752 10.425591 -4.412823
-10.927632 10.361505 -4.273851
-10.641690 10.352264 -4.162974
-10.163069 10.275922 -4.047349
-9.663702 10.367950 -3.606279
-9.291782 10.608330 -3.275347
-9.048520 10.735559 -3.254175
-8.957766 10.805311 -3.198239
-8.939011 10.856164 -2.995167
-8.908478 10.871442 -2.672633
-8.775217 10.737625 -2.339594
-8.655954 10.661039 -2.081034
-8.487302 10.518240 -1.996069
-8.309639 10.468644 -1.968471
-8.221977 10.483804 -2.023976
-8.183686 10.479267 -2.242123
-8.161763 10.463016 -2.602708
-8.323257 10.436551 -3.057211
-8.553441 10.267135 -3.450314
-8.685244 10.025784 -3.794179
-8.612031 9.705737 -3.986242
-8.447911 9.362835 -4.039200
-7.966880 8.886008 -4.049149
-7.147723 8.414584 -4.332658
-6.175873 7.881197 -4.789049
-5.510799 7.510500 -5.186140
-4.890184 7.027483 -5.552681
-4.198303 6.497317 -6.050486
-3.485904 6.104694 -6.445632
-2.848072 5.762711 -6.624110
-2.513140 5.584520 -6.814640
-2.366919 5.388866 -6.973619
-2.432687 5.275546 -6.994831
-2.691252 5.241540 -7.020066
-3.194645 5.310891 -6.991019
-3.779052 5.254726 -6.753432
-4.471129 5.162613 -6.394824
-5.359741 4.973871 -5.899579
-6.377027 4.795525 -4.983742
-7.170117 4.500559 -4.115038
-7.713784 4.238797 -3.430624
-7.978546 3.941326 -2.733667
-8.085868 3.797499 -2.147250
-8.048625 3.796981 -1.816454
-7.904532 3.900803 -1.672320
-7.434613 3.969840 -2.046325
-6.779380 4.185312 -2.698255
-6.127056 4.324252 -3.072910
-5.512037 4.392488 -3.348463
-4.742444 4.466976 -3.772843
-3.808609 4.645507 -4.294645
-2.846176 4.783624 -4.845018
-2.105198 4.856702 -5.451463
-1.326150 4.767196 -5.985930
-0.673953 4.565809 -6.676942
-0.015462 4.267723 -7.555677
0.577280 3.960637 -8.625868
1.202393 3.562361 -9.711127
1.827125 3.185127 -10.726950
2.558040 2.858443 -11.702798
3.214978 2.708578 -12.492444
3.662984 2.614496 -13.308769
3.951781 2.512731 -14.032653
3.980534 2.555074 -14.529993
3.865588 2.594279 -14.768320
3.743653 2.568198 -14.822628
3.693196 2.602690 -14.810455
3.626776 2.732811 -14.681772
3.583491 2.816223 -14.405062
3.496934 2.903569 -14.121742
3.424281 3.057326 -13.712590
3.436968 3.191037 -13.285335
3.559098 3.305902 -12.955615
3.571981 3.448451 -12.780212
3.225606 3.498456 -12.544275
2.402441 3.495270 -11.957419
1.083895 3.466455 -10.594765
-0.807344 3.585738 -8.805981
-2.961400 3.733139 -6.871499
-5.037439 3.979297 -4.954382
-6.512768 4.152119 -3.911852
-7.586487 4.396870 -3.175528
-8.241281 4.509781 -2.428880
-8.692275 4.624107 -1.881481
-8.885917 4.711007 -1.648888
-8.822747 4.820568 -1.449813
-8.695223 4.906341 -1.350380
-8.540083 4.984375 -1.629275
-8.277424 5.161277 -2.350132
-7.931081 5.530523 -3.259452
-7.373507 5.840461 -4.114194
-6.772881 6.172390 -4.888394
-6.179874 6.384722 -5.436375
-5.645720 6.545209 -5.727605
-5.206347 6.704101 -5.709159
-4.795846 6.778278 -5.429746
-4.423525 6.801394 -5.131126
-4.140959 6.924570 -4.729080
-4.029313 7.165759 -4.177023
-3.981380 7.396280 -3.410654
-4.073157 7.613375 -2.593656
-4.236348 7.834407 -1.928344
-4.334184 8.081752 -1.500784
-4.492764 8.327323 -1.211283
-4.820147 8.543241 -1.068147
-4.957539 8.656003 -0.903550
-4.975769 8.836666 -0.926440
-4.955605 9.017221 -0.965261
-4.993723 9.226982 -0.932736
-5.081920 9.479449 -0.738503
-5.075029 9.653164 -0.344599
-5.206869 9.904839 0.041762
-5.351357 10.024288 0.191486
-5.413403 10.162825 0.234967
-5.385692 10.370214 0.345513
-5.215798 10.580092 0.647612
-5.038559 10.738193 0.992799
-4.910764 10.888481 1.336161
-4.809271 10.925966 1.782851
-4.705196 10.798071 2.180089
-4.587679 10.761162 2.673648
-4.426182 10.707996 3.172182
-4.390979 10.791022 3.670235
-4.368152 10.835573 4.281870
-4.347945 10.702287 4.833857
-4.366866 10.573506 5.065341
-4.406192 10.665934 5.108023
-4.356530 10.765572 5.114412
-4.262245 10.844806 5.194740
-4.044023 10.756257 5.418844
-3.836600 10.635112 5.596686
-3.699267 10.506524 5.752876
-3.664783 10.388189 5.929542
-3.604388 10.281708 6.104535
-3.451602 10.226904 6.240774
-3.235562 10.193952 6.379591
-3.013247 10.000365 6.467560
-2.982055 9.809795 6.458501
-3.015663 9.614404 6.495957
-3.062876 9.423591 6.529682
-3.072008 9.341688 6.558874
-2.912259 9.314953 6.613148
-2.706107 9.279548 6.628225
-2.454121 9.180282 6.600590
-2.292953 8.972848 6.526213
-2.329751 8.747000 6.377867
-2.596471 8.722886 6.286944
-2.806083 8.746085 6.312858
-2.879891 8.815658 6.480650
-2.824536 8.909274 6.773010
-2.731459 8.921510 6.985661
-2.744311 8.875758 7.103500
-2.851095 8.751068 7.077056
-2.924482 8.638048 6.997025
-3.002024 8.700898 6.901629
-3.034212 8.854060 6.869991
-3.022134 8.979160 6.896769
-2.970197 9.050230 6.926480
-2.914458 9.018809 6.996434
-2.922438 8.915677 7.004382
-2.955915 8.709592 6.992190
-2.960823 8.567423 6.976720
-2.858764 8.564966 6.994427
-2.727108 8.758465 7.102500
-2.494534 8.851952 7.189719
-2.308538 8.904972 7.358648
-2.200597 8.830896 7.456075
-2.232053 8.712618 7.484918
-2.291517 8.540076 7.478100
-2.250204 8.390526 7.507725
-2.085975 8.332547 7.517881
-1.899323 8.336717 7.447650
-1.675979 8.193024 7.326810
-1.551488 8.013128 7.052073
-1.527485 7.695679 6.446652
-1.649761 7.415040 5.501855
-1.813359 7.078942 4.330769
-2.239863 7.056456 3.166703
-2.718028 6.923246 1.767439
-3.171980 6.859110 0.155889
-3.297474 6.602057 -1.587942
-3.064976 6.332495 -3.421075
-2.389978 6.007530 -5.382598
-1.553346 5.685176 -7.211083
-0.737460 5.479473 -8.657379
0.035599 5.205508 -9.973726
0.824982 4.821905 -11.080725
1.472997 4.577308 -11.908525
2.029793 4.328599 -12.565199
2.340001 4.132958 -13.073463
2.448115 4.008171 -13.372046
2.521472 3.808070 -13.511331
2.338444 3.701281 -13.645025
2.062292 3.639719 -13.528191
1.719915 3.506849 -13.302300
1.126251 3.319471 -12.962775
0.404182 3.152063 -12.536309
-0.474525 2.916328 -12.109105
-1.353082 2.592489 -11.628539
-2.148781 2.304369 -11.065982
-2.807392 2.059609 -10.571497
-3.269012 1.831337 -10.157191
-3.463773 1.708248 -9.655623
-3.547991 1.756370 -9.332466
-3.528605 1.887625 -9.115855
-3.551664 2.138120 -8.904384
-3.550897 2.402510 -8.880347
-3.535179 2.676926 -9.008160
-3.528379 2.967242 -9.276145
-3.519842 3.267959 -9.615796
-3.490785 3.475920 -9.974131
-3.553722 3.749160 -10.270734
-3.582128 3.903026 -10.467731
-3.669657 4.143272 -10.441452
-3.750806 4.343411 -10.200458
-3.785759 4.463056 -9.780445
-3.826019 4.577992 -9.131364
-3.910753 4.726678 -8.329563
-3.926344 4.812857 -7.492365
-3.920237 4.929371 -6.722037
-3.780410 4.971165 -5.925774
-3.592636 5.058826 -5.224463
-3.451012 5.188803 -4.567301
-3.346727 5.240922 -3.977041
-3.222791 5.212563 -3.564392
-3.078785 5.180694 -3.214512
-2.867083 5.064678 -2.916595
-2.570854 4.970061 -2.742448
-2.314690 4.919385 -2.748144
-2.202878 4.847924 -2.976204
-2.155842 4.683428 -3.373258
-2.179761 4.580405 -3.853089
-2.231508 4.530606 -4.398928
-2.241337 4.484412 -4.933132
-2.247921 4.429795 -5.449528
-2.268908 4.335179 -5.953999
-2.333018 4.302704 -6.407219
-2.361419 4.233061 -6.707822
-2.404994 4.190339 -6.862609
-2.354101 4.120032 -6.926753
-2.306502 4.115305 -6.965793
-2.264925 4.144825 -6.895335
-2.212069 4.139920 -6.694932
-2.224836 4.182604 -6.466549
-2.209545 4.169830 -6.173237
-2.193407 4.152696 -5.830019
-2.102543 4.051527 -5.429877
-2.050149 3.998610 -4.986319
-1.977075 3.921263 -4.459816
-2.004060 3.974533 -3.991156
-2.002203 4.052682 -3.532970
-1.975081 4.089515 -3.219763
-1.997932 4.173621 -2.925873
-1.969501 4.187115 -2.772827
-1.972230 4.217709 -2.844635
-1.985847 4.224574 -3.094933
-2.000205 4.178718 -3.465658
-2.010294 4.125006 -3.890783
-2.025917 4.126253 -4.342834
-2.044528 4.096912 -4.849711
-2.063401 4.038223 -5.326359
-2.120925 4.056141 -5.696242
-2.156579 4.020401 -5.972427
-2.200910 4.026902 -6.215254
-2.194520 4.036384 -6.397382
-2.196188 4.061895 -6.497707
-2.186186 4.026807 -6.540797
-2.191057 4.008252 -6.543623
-2.215801 4.025739 -6.455371
-2.231527 4.035790 -6.235166
-2.245254 4.045365 -5.963729
-2.293090 4.059689 -5.624850
-2.281888 4.030015 -5.198914
-2.315741 4.099079 -4.790686
-2.344516 4.166216 -4.389714
-2.388001 4.178118 -4.045108
-2.413749 4.183994 -3.735258
-2.405544 4.154674 -3.435732
-2.401521 4.239893 -3.273155
-2.393996 4.336220 -3.169038
-2.382441 4.397328 -3.123938
-2.386064 4.457659 -3.183517
-2.409562 4.489355 -3.267680
-2.469934 4.494073 -3.409090
-2.486123 4.484890 -3.591992
-2.473248 4.488121 -3.873457
-2.448584 4.492501 -4.158384
-2.451045 4.478611 -4.487260
-2.456294 4.426448 -4.834515
-2.397488 4.369395 -5.106842
-2.373474 4.354210 -5.346190
-2.326692 4.294885 -5.599454
-2.286987 4.257791 -5.768179
-2.228358 4.198250 -5.868681
-2.153936 4.182157 -5.916756
-2.122057 4.232841 -5.917854
-2.042353 4.187886 -5.888137
-1.997273 4.121453 -5.857834
-1.987581 4.131179 -5.736675
-1.948110 4.123525 -5.586262
-1.942234 4.127577 -5.517812
-1.923087 4.130935 -5.382332
-1.918626 4.178239 -5.238042
-1.918222 4.203378 -5.124929
-1.893575 4.181935 -5.012798
-1.871223 4.174504 -4.894382
-1.897954 4.192504 -4.844191
-1.936509 4.201161 -4.808261
-1.972107 4.179269 -4.729231
-1.985539 4.157884 -4.586649
-1.917490 4.129731 -4.425344
-1.827567 4.067736 -4.312702
-1.764686 4.035070 -4.175983
-1.729290 4.022879 -4.061640
-1.667320 3.990216 -3.992936
-1.583589 3.930911 -3.886623
-1.515710 3.904958 -3.842506
-1.495575 3.902580 -3.911870
-1.502038 3.864736 -3.999552
-1.533907 3.875774 -4.155601
-1.530644 3.871148 -4.380980
-1.567420 3.917861 -4.649306
-1.633887 3.957010 -4.880766
-1.680943 3.969910 -5.113937
-1.667763 3.958059 -5.357656
-1.656537 3.983817 -5.628089
-1.631019 4.022494 -5.857640
-1.598865 4.062839 -6.083652
-1.520154 4.061758 -6.254040
-1.472050 4.080067 -6.451476
-1.397166 4.088234 -6.569093
-1.354631 4.120462 -6.631299
-1.306780 4.116877 -6.628560
-1.278187 4.080694 -6.594172
-1.245581 4.066272 -6.521090
-1.235822 4.077556 -6.429269
-1.254979 4.110341 -6.329313
-1.250699 4.131819 -6.143053
-1.250252 4.182778 -5.959996
-1.239264 4.351665 -5.708397
-1.148011 4.506034 -5.537720
-1.121270 4.668550 -5.513649
-1.275467 4.937076 -5.684644
-1.521219 5.266135 -5.875088
-1.874284 5.668756 -6.084299
-2.194654 6.117197 -6.335623
-2.469899 6.618589 -6.468683
-2.873405 7.095766 -6.272243
-3.420583 7.482212 -5.699593
-3.921313 7.947850 -4.808640
-4.134577 8.183596 -3.934345
-4.202711 8.339379 -3.157052
-4.161769 8.478655 -2.249141
-3.992515 8.639412 -1.226967
-3.721797 8.643643 -0.654285
-3.356938 8.489490 -0.290330
-2.940792 8.284648 0.099267
-2.562819 8.176669 0.413144
-2.142737 8.131833 0.719677
-1.802068 8.184270 0.881005
-1.528496 8.170628 0.864741
-1.393899 8.133723 0.689960
-1.423927 8.084368 0.308370
-1.555221 8.051495 -0.185422
-1.663376 7.951701 -0.773531
-1.722003 7.919641 -1.205225
-1.754172 7.969676 -1.421973
-1.711475 8.010996 -1.323073
-1.651689 8.134217 -0.983793
-1.528719 8.227980 -0.434556
-1.366137 8.262748 0.145184
-1.176193 8.212023 0.584969
-1.017515 8.100258 0.876982
-0.841447 7.961421 0.962049
-0.674684 7.863305 0.870737
-0.656525 7.781962 0.629134
-0.720854 7.548807 0.220174
-0.877647 7.457016 -0.158955
-0.968501 7.417995 -0.555457
-0.967993 7.529377 -1.105894
-0.826986 7.593957 -1.750685
-0.701819 7.632209 -2.522695
-0.699312 7.673031 -3.413593
-0.714114 7.580971 -4.321939
-0.735953 7.410364 -5.047753
-0.782123 7.235846 -5.732447
-0.858305 7.148467 -6.258908
-0.882117 7.082411 -6.566571
-0.864891 7.063326 -6.703296
-0.874423 7.072154 -6.694895
-1.005949 7.148629 -6.597816
-1.123409 7.161496 -6.410251
-1.190098 7.130406 -6.197201
-1.208505 7.098270 -5.952888
-1.161691 7.008977 -5.768726
-1.117635 6.946541 -5.573884
-1.013954 6.882614 -5.406883
-0.860711 6.766149 -5.340662
-0.766123 6.670723 -5.400828
-0.698376 6.583880 -5.548227
-0.637974 6.473389 -5.858322
-0.551726 6.327647 -6.323820
-0.509471 6.235400 -6.746508
-0.478414 6.087531 -7.194400
-0.448961 5.966923 -7.560072
-0.416601 5.906301 -7.862247
-0.229975 5.760702 -8.137029
-0.124927 5.784877 -8.372625
0.019109 5.761231 -8.521867
0.148601 5.725553 -8.520843
0.305688 5.690192 -8.327772
0.374969 5.735743 -7.965069
0.410163 5.836555 -7.419098
0.426041 5.903001 -6.760309
0.316669 6.012390 -6.003461
0.173061 6.072713 -5.101190
-0.086940 6.118818 -4.085650
-0.484578 6.147823 -3.162370
-0.953524 6.137462 -2.397689
-1.490807 6.124141 -1.790387
-2.031259 6.127223 -1.371913
-2.502464 6.111027 -1.163321
-2.883591 6.068818 -1.230883
-3.169211 6.056562 -1.536629
-3.371009 6.028476 -2.133995
-3.474776 5.987495 -2.858562
-3.567454 5.992470 -3.578300
-3.631117 6.017314 -4.229421
-3.632150 6.058476 -4.724243
-3.606508 6.087305 -5.120337
-3.598960 6.125183 -5.498926
-3.539173 6.096659 -5.814982
-3.466295 6.105363 -6.022724
-3.354002 6.110379 -6.191466
-3.235839 6.121173 -6.396121
-3.174546 6.173440 -6.542447
-3.082427 6.182837 -6.570083
-2.993149 6.195692 -6.574655
-2.931291 6.202703 -6.552669
-2.862519 6.196008 -6.435379
-2.813706 6.216298 -6.331165
-2.796873 6.228922 -6.225834
-2.782284 6.224453 -6.103425
-2.833330 6.253193 -5.929130
-2.853478 6.251581 -5.754918
-2.939379 6.348102 -5.585042
-2.939011 6.349674 -5.366629
-2.989746 6.432595 -5.088488
-3.004132 6.455483 -4.784288
-3.050058 6.545080 -4.532826
-3.116886 6.614146 -4.303741
-3.123992 6.624947 -4.081444
-3.090552 6.631856 -3.979099
-3.046465 6.647862 -4.023970
-2.996498 6.626975 -4.201634
-2.966826 6.568255 -4.418050
-2.988645 6.535220 -4.659120
-2.962672 6.483547 -4.931059
-2.891743 6.419581 -5.166279
-2.845324 6.390468 -5.336262
-2.825581 6.383959 -5.496722
-2.718731 6.300796 -5.640891
-2.666830 6.252401 -5.764058
-2.621265 6.234878 -5.741311
-2.555801 6.209866 -5.654471
-2.511159 6.234650 -5.510771
-2.430899 6.239584 -5.289530
-2.379618 6.234780 -5.066734
-2.358435 6.242983 -4.845903
-2.345982 6.268726 -4.691656
-2.294866 6.255592 -4.580865
-2.263826 6.250803 -4.566905
-2.255257 6.227474 -4.584019
-2.249289 6.223199 -4.623786
-2.240340 6.233787 -4.776465
-2.229955 6.221838 -5.018169
-2.203500 6.146135 -5.187836
-2.246024 6.155301 -5.362519
-2.214041 6.106951 -5.525625
-2.188645 6.108425 -5.636793
-2.151452 6.120490 -5.693618
-2.086088 6.061723 -5.740398
-2.036425 6.027179 -5.795316
-1.994804 6.002044 -5.813277
-1.967206 5.974416 -5.794617
-1.938798 5.957386 -5.786256
-1.884270 5.945185 -5.743484
-1.848051 5.945175 -5.675145
-1.833545 5.924874 -5.655118
-1.864019 5.954634 -5.623878
-1.863521 5.928456 -5.516961
-1.849840 5.944934 -5.431185
-1.799787 5.960523 -5.340258
-1.822532 5.986426 -5.213732
-1.833076 5.981918 -5.040511
-1.777480 5.956860 -4.928273
-1.766196 5.995169 -4.893273
-1.741743 5.961667 -4.821627
-1.722318 5.929902 -4.748564
-1.686020 5.919076 -4.728542
-1.648214 5.936263 -4.722503
-1.594887 5.904796 -4.731933
-1.597217 5.890963 -4.749549
-1.570367 5.880511 -4.776829
-1.535811 5.857469 -4.863002
-1.540387 5.871773 -4.980905
-1.512591 5.852499 -5.094293
-1.518104 5.841801 -5.162424
-1.543349 5.840219 -5.251226
-1.522304 5.819303 -5.343442
-1.505295 5.817536 -5.394954
-1.512702 5.814234 -5.437621
-1.571965 5.829984 -5.479248
-1.605586 5.820377 -5.504530
-1.597582 5.792110 -5.458120
-1.569367 5.800915 -5.382806
-1.526317 5.787815 -5.326450
-1.536973 5.784159 -5.247892
-1.517646 5.753437 -5.120757
-1.516722 5.754429 -5.008623
-1.517776 5.764545 -4.909336
-1.551491 5.780722 -4.846648
-1.562879 5.779887 -4.778393
-1.589328 5.783098 -4.797318
-1.605642 5.771610 -4.830934
-1.647885 5.784266 -4.890674
-1.653718 5.775684 -5.023574
-1.665967 5.782843 -5.193895
-1.706689 5.792921 -5.346547
-1.724759 5.724605 -5.555743
-1.750960 5.701746 -5.709712
-1.773071 5.708509 -5.829386
-1.722393 5.639576 -5.930894
-1.650088 5.583413 -5.935975
-1.650207 5.587290 -5.914304
-1.664091 5.572159 -5.894366
-1.639692 5.530499 -5.828696
-1.579739 5.485959 -5.690217
-1.526419 5.476420 -5.562711
-1.479289 5.466828 -5.469939
-1.501308 5.451181 -5.407787
-1.522865 5.426451 -5.365407
-1.505275 5.455651 -5.349090
-1.473704 5.495387 -5.376727
-1.468021 5.504925 -5.451569
-1.510377 5.517245 -5.564334
-1.554389 5.530646 -5.685410
-1.537643 5.507304 -5.838414
-1.550649 5.524451 -5.979215
-1.531072 5.514639 -6.040297
-1.528450 5.508161 -6.057060
-1.555472 5.523351 -6.051822
-1.538604 5.505937 -5.999558
-1.531043 5.533158 -5.903179
-1.518041 5.537448 -5.770736
-1.513964 5.562271 -5.631814
-1.488945 5.588276 -5.489760
-1.447071 5.558627 -5.404657
-1.397087 5.546568 -5.346524
-1.390487 5.576060 -5.337340
-1.364760 5.572953 -5.346971
-1.387684 5.613370 -5.396674
-1.459934 5.632461 -5.511331
-1.475933 5.580613 -5.583540
-1.481072 5.577202 -5.641552
-1.479345 5.626536 -5.726281
-1.436931 5.610933 -5.801906
-1.428779 5.566140 -5.837262
-1.461147 5.565766 -5.813502
-1.450154 5.570318 -5.757499
-1.425695 5.590030 -5.664189
-1.381266 5.576597 -5.527481
-1.402792 5.620664 -5.460429
-1.416536 5.617060 -5.450484
-1.445561 5.618782 -5.466267
-1.452743 5.596452 -5.533242
-1.478686 5.586435 -5.627611
-1.526613 5.608970 -5.742089
-1.511831 5.571023 -5.881751
-1.526202 5.555679 -6.007810
-1.564036 5.561809 -6.125970
-1.576424 5.534760 -6.263663
-1.602291 5.557568 -6.326287
-1.592652 5.550773 -6.308382
-1.560584 5.569629 -6.246701
-1.527575 5.567882 -6.185252
-1.547148 5.585400 -6.063785
-1.551560 5.553349 -5.893991
-1.528346 5.572339 -5.676476
-1.507501 5.616994 -5.488799
-1.551532 5.679242 -5.317210
-1.563839 5.670615 -5.113461
-1.586076 5.729955 -4.964625
-1.562167 5.723047 -4.903352
-1.604583 5.728114 -4.900582
-1.765245 5.795157 -4.981519
-1.952294 5.843066 -5.113823
-2.201931 5.884408 -5.378656
-2.473962 5.962687 -5.663758
-2.721950 6.131016 -5.846754
-2.929376 6.273177 -5.940820
-3.151008 6.425854 -6.012048
-3.463648 6.622516 -6.052719
-3.743461 6.775623 -6.013613
-3.998193 6.911080 -5.855746
-4.312668 7.146402 -5.584279
-4.635919 7.383955 -5.221115
-5.025805 7.699135 -4.740440
-5.283082 7.835000 -4.189488
-5.665582 8.148369 -3.629380
-5.893394 8.363383 -3.037870
-6.214740 8.789371 -2.453342
-6.430993 9.195779 -1.720755
-6.775194 9.661637 -1.118363
-7.123048 10.199827 -0.505900
-7.581174 10.816893 0.138376
-8.005486 11.386231 0.949127
-8.430007 11.989018 1.676488
-8.857154 12.661702 2.204741
-9.182558 13.265509 2.660153
-9.532137 13.914008 2.994145
-9.830830 14.598152 3.383913
-10.003473 15.221882 3.802313
-10.183720 15.847081 4.190200
-10.332603 16.368552 4.539729
-10.468317 16.814518 4.812549
-10.650960 17.228583 5.041399
-10.786249 17.537160 5.280764
-10.919256 17.841327 5.438457
-10.960329 18.121368 5.652981
-10.936570 18.291962 5.836597
-11.049527 18.541980 5.991700
-11.061859 18.688074 6.168200
-11.069234 18.862200 6.324054
-11.082503 19.004647 6.459487
-11.130257 19.162638 6.561516
-11.070031 19.274669 6.749697
-11.007081 19.460444 6.949865
-10.907512 19.576366 7.144565
-10.758193 19.648395 7.433899
-10.654137 19.624550 7.636571
-10.567483 19.561164 7.780884
-10.464918 19.582885 7.922467
-10.271953 19.657427 8.136132
-9.897345 19.641352 8.482724
-9.505491 19.398290 8.688994
-9.322423 19.301821 8.963662
-9.241993 19.206892 9.090982
-9.240009 19.182738 9.033208
-9.186653 19.203133 8.936074
-8.968434 19.164795 8.960535
-8.743647 19.085131 9.043964
-8.634925 18.968349 9.093988
-8.596129 18.836938 9.168973
-8.624741 18.746995 9.218480
-8.654145 18.720843 9.241616
-8.594677 18.737274 9.287847
-8.339664 18.664399 9.429976
-7.980653 18.541943 9.701117
-7.713054 18.313217 9.857154
-7.615159 18.060479 9.807439
-7.497924 17.754067 9.631754
-7.469149 17.534916 9.485437
-7.511215 17.346364 9.331297
-7.699673 17.408292 9.275004
-7.716185 17.384474 9.129696
-7.669566 17.378888 8.984741
-7.702107 17.327793 8.832963
-7.669747 17.103941 8.770094
-7.601931 16.873438 8.701306
-7.470667 16.706384 8.628965
-7.329332 16.514578 8.480594
-7.244295 16.289488 8.266610
-7.113909 16.022833 8.147810
-6.963415 15.829428 8.137728
-6.805936 15.799135 8.223167
-6.647418 15.838300 8.288513
-6.360715 15.786132 8.421994
-6.134675 15.678797 8.486295
-5.974486 15.401837 8.400196
-5.927415 15.216467 8.176478
-5.704123 14.947979 7.964990
-5.545159 14.746569 7.573590
-5.272528 14.452509 7.078602
-4.937629 14.177447 6.597510
-4.485294 13.830901 6.151505
-3.944119 13.389472 5.589218
-3.376460 12.855080 4.829543
-2.662233 12.020470 3.968120
-1.952409 11.077683 3.011414
-1.295229 10.029695 1.810550
-0.442953 8.818795 0.377449
0.568666 7.632658 -1.116622
1.555554 6.495330 -2.646612
2.366489 5.415052 -4.306367
2.988679 4.386087 -5.958289
3.622804 3.196108 -7.553443
4.101624 2.046666 -9.185573
4.423271 0.849246 -10.911547
4.674312 -0.431718 -12.432795
4.917086 -1.660962 -13.379266
5.020187 -2.705737 -13.905253
5.040677 -3.504764 -14.374735
5.082848 -4.194149 -14.903102
5.146032 -4.917475 -15.409225
5.090733 -5.462941 -15.733018
4.997957 -5.950075 -16.062870
4.941898 -6.417217 -16.337256
4.802413 -6.716339 -16.498409
4.749038 -6.879285 -16.379375
4.770128 -6.855825 -16.070979
4.811789 -6.607084 -15.444583
4.929128 -6.263278 -14.934245
5.158659 -5.804115 -14.603048
5.671610 -5.242430 -14.354553
6.525231 -4.607287 -13.995247
7.722042 -3.758314 -13.739847
9.096715 -2.869454 -13.509464
10.509028 -2.094191 -13.530173
11.787241 -1.314551 -13.744906
12.732010 -0.543914 -13.780153
13.361740 0.148863 -13.608650
13.912898 0.573719 -13.638136
14.341227 0.912920 -13.697432
14.483356 1.239729 -13.732902
14.450412 1.337380 -13.886060
14.105498 1.292026 -14.270433
13.505865 1.204891 -14.654986
12.715167 1.067219 -15.061653
11.912920 0.911187 -15.442514
11.114153 0.887081 -15.831289
10.411218 0.939174 -16.321376
9.774242 0.905055 -16.725219
9.100722 0.870483 -17.087782
8.454804 0.928743 -17.569610
7.854855 1.063948 -17.909169
7.346274 1.244744 -18.121158
6.917271 1.436821 -18.367468
6.539293 1.620798 -18.622188
6.140158 1.779898 -18.873775
5.781562 1.926799 -19.084720
5.496367 2.130298 -19.273964
5.325471 2.388276 -19.313608
5.196223 2.557707 -19.027522
5.056092 2.419807 -18.598263
4.962844 2.015825 -18.190958
4.954804 1.587719 -17.910477
5.156359 1.294711 -17.640532
5.439691 1.139742 -17.369563
5.560331 1.187586 -17.084801
5.559387 1.254069 -16.637962
5.515896 1.344608 -16.113205
5.488852 1.460658 -15.732053
5.503607 1.617390 -15.543543
5.533308 1.714253 -15.514176
5.556223 1.769885 -15.695363
5.636528 1.837038 -15.990010
5.778448 1.882854 -16.335859
5.924614 1.958464 -16.606377
6.062913 1.985021 -16.735569
6.181668 2.006615 -16.737594
6.268231 2.041997 -16.689183
6.356502 2.053332 -16.632742
6.390698 2.119106 -16.536986
6.456927 2.108830 -16.375914
6.513384 2.092212 -16.120573
6.549741 2.074071 -15.712093
6.576943 2.035267 -15.212078
6.608670 1.929740 -14.661095
6.599269 1.773198 -14.170008
6.507786 1.737270 -13.745842
6.505872 1.673882 -13.273808
6.461513 1.620162 -12.812917
6.481978 1.550401 -12.302608
6.584211 1.492269 -11.849579
6.716761 1.440090 -11.443653
6.735450 1.404822 -10.980051
6.658806 1.350893 -10.518790
6.535842 1.284419 -10.167969
6.389843 1.237305 -10.008483
6.258414 1.191426 -9.961774
6.207532 1.101929 -9.981567
6.218460 1.038975 -10.167429
6.287272 0.948082 -10.487177
6.252061 0.951849 -10.757720
6.230263 0.994377 -11.034991
6.228635 1.025012 -11.344482
6.231352 1.078994 -11.679840
6.234935 1.174564 -12.054156
6.327468 1.241755 -12.501368
6.407063 1.301959 -12.970403
6.360302 1.311551 -13.402159
6.219653 1.273451 -13.832262
6.028568 1.207707 -14.342840
5.905891 1.147412 -14.776649
5.807948 1.183127 -15.096835
5.767025 1.224140 -15.314704
5.726128 1.231457 -15.496060
5.691650 1.209334 -15.585501
5.664950 1.160334 -15.660285
5.665118 1.134333 -15.733517
5.622332 1.086371 -15.712535
5.652644 1.011684 -15.649387
5.793873 0.957472 -15.658236
6.003382 0.880322 -15.694558
6.154019 0.827053 -15.786761
6.270553 0.773121 -16.005680
6.390666 0.700564 -16.214763
6.434750 0.651243 -16.376301
6.456060 0.602817 -16.568740
6.507471 0.586098 -16.758925
6.529491 0.607554 -16.927013
6.518235 0.617650 -16.964150
6.515003 0.624907 -16.917085
6.509811 0.652747 -16.670606
6.442653 0.697727 -16.088590
6.347562 0.702099 -15.375747
6.325140 0.671982 -14.793400
6.326873 0.720978 -14.436401
6.357396 0.739078 -14.279987
6.340875 0.707873 -14.188669
6.304597 0.708892 -14.157709
6.301528 0.749974 -14.203351
6.308178 0.777993 -14.291116
6.225342 0.853926 -14.425785
6.153899 0.867724 -14.656402
6.068587 0.850053 -14.855565
5.946548 0.876696 -15.015617
5.856505 0.845330 -15.193294
5.769572 0.844863 -15.269851
5.716245 0.855981 -15.268436
5.668799 0.860022 -15.567813
5.604472 0.880122 -15.831762
5.605350 0.851195 -16.159931
5.659805 0.814556 -16.356170
5.797362 0.748631 -16.233735
5.961051 0.693085 -15.930252
6.057811 0.686219 -15.606195
5.999079 0.707591 -15.438883
