4.230207 -2.334066 -3.421473
4.246394 -2.447717 -3.494310
4.319490 -2.607524 -3.725848
4.450729 -2.846451 -4.072929
4.664091 -2.960731 -4.305053
4.955873 -2.951205 -4.542090
5.200677 -2.965311 -4.991416
5.228248 -2.825279 -5.288115
5.182350 -2.820798 -5.621393
4.954163 -2.809072 -6.031763
4.633147 -2.758862 -6.069355
4.438066 -2.757135 -5.974764
4.270319 -2.734767 -6.085764
4.151460 -3.038426 -5.962601
4.096420 -3.255915 -5.761051
4.114101 -3.338919 -5.626138
4.161788 -3.444143 -5.507250
4.295381 -3.464699 -5.454571
4.320634 -3.315453 -5.215985
4.117530 -3.182113 -4.985475
3.938312 -3.130456 -4.860768
3.953365 -3.014312 -4.653554
4.091724 -2.802905 -4.377104
4.265763 -2.757979 -4.034643
4.471055 -2.855172 -3.722029
4.783977 -2.994036 -3.647568
5.140823 -3.146807 -3.850717
5.433957 -3.220639 -4.140605
5.516665 -3.147997 -4.678904
5.460427 -3.204223 -5.313879
5.261576 -3.217009 -5.612033
4.981692 -3.027359 -5.779758
4.813887 -2.863566 -5.890292
4.678524 -2.715756 -5.874077
4.538381 -2.577483 -5.542956
4.494002 -2.548780 -5.066393
4.457221 -2.635454 -4.972659
4.442237 -2.760467 -5.063015
4.473741 -2.862978 -5.124154
4.552157 -2.919325 -5.264434
4.587873 -2.986645 -5.468760
4.538155 -3.053014 -5.591411
4.490107 -3.039777 -5.644835
4.467420 -2.984421 -5.750920
4.479601 -2.988779 -5.773465
4.545061 -3.033306 -5.790885
4.552192 -2.980750 -5.836250
4.503159 -2.964263 -5.823692
4.367333 -2.973358 -5.805758
4.282026 -2.974019 -5.755051
4.267604 -2.968150 -5.665086
4.321009 -2.958257 -5.672112
4.339273 -2.900781 -5.719403
4.350173 -2.908210 -5.653671
4.313618 -2.874677 -5.640810
4.299562 -2.832653 -5.678673
4.319778 -2.794497 -5.620753
4.322892 -2.726946 -5.571625
4.288171 -2.658976 -5.621530
4.223923 -2.601942 -5.610279
4.132992 -2.539664 -5.512116
4.078144 -2.477173 -5.414562
4.032171 -2.429177 -5.266224
3.964660 -2.364279 -4.929432
3.836563 -2.234932 -4.580209
3.736524 -2.057120 -4.075827
3.661874 -1.958946 -3.750347
3.525922 -1.812615 -3.674120
3.336415 -1.600391 -3.302928
3.178314 -1.518396 -2.633714
2.989878 -1.529241 -2.381264
2.732446 -1.437633 -2.306416
2.558956 -1.299768 -2.078829
2.433486 -1.099144 -1.656938
2.280317 -0.925470 -1.432529
1.999743 -0.740922 -1.649500
1.718731 -0.592839 -1.738169
1.491492 -0.377155 -1.177076
1.229915 -0.224790 -0.490348
0.956272 -0.084622 0.303046
0.815671 0.014497 0.962104
0.805424 0.158560 1.360413
0.854599 0.312653 1.448235
1.158605 0.484220 1.130746
1.654500 0.742352 0.554366
2.136722 0.970510 -0.002203
2.575418 1.266897 -0.829993
2.914527 1.477643 -2.047307
3.179231 1.459488 -3.390645
3.425717 1.391069 -4.497676
3.704595 1.279880 -5.404278
3.984878 1.160754 -6.108739
4.143532 1.067170 -6.500056
4.261551 0.919979 -6.795905
4.294717 0.805384 -6.924462
4.290473 0.669308 -6.935679
4.404065 0.481073 -6.808490
4.612382 0.301745 -6.611895
4.803216 0.126289 -6.374227
4.949741 0.011823 -6.192836
5.027631 -0.092031 -5.926461
5.070729 -0.184642 -5.673353
5.044013 -0.165209 -5.586027
4.965056 -0.086049 -5.335970
4.847424 0.031867 -4.697165
4.544140 0.285571 -4.181868
4.136505 0.576412 -3.466672
3.657942 0.967070 -2.305569
3.054234 1.546489 -0.880738
2.541966 2.168256 0.276430
2.105801 2.779613 1.275818
1.796764 3.395234 2.462891
1.565108 3.998185 3.466229
1.314761 4.744487 4.011626
1.176474 5.346083 4.317522
1.032417 5.999205 4.552719
0.909773 6.557776 4.906017
0.780848 6.899858 5.068119
0.635632 7.103115 5.019342
0.470635 7.218993 4.966635
0.378674 7.211403 5.022250
0.280479 7.329164 5.226379
0.260792 7.412009 5.493912
0.319091 7.363436 5.930971
0.257039 7.333374 6.240433
0.205915 7.260640 6.357679
0.220534 7.294963 6.539567
0.228128 7.367408 6.729072
0.238691 7.300989 6.821216
0.304210 7.330957 6.985362
0.417131 7.352470 7.070946
0.435852 7.388920 7.019317
0.413697 7.361699 6.968559
0.385223 7.329767 6.898199
0.353626 7.254819 6.811119
0.332341 7.152235 6.862658
0.322391 7.074168 7.006224
0.311840 7.000465 6.961159
0.369807 6.951666 6.849502
0.486935 7.009099 6.815178
0.564239 7.027769 6.789984
0.508075 6.984421 6.750096
0.473772 6.936995 6.764637
0.480410 6.871877 6.605088
0.413118 6.766453 6.378583
0.384204 6.702727 6.319202
0.434628 6.716155 6.194477
0.517914 6.745831 5.884184
0.527189 6.711070 5.557360
0.458604 6.651118 5.101084
0.295354 6.599023 4.470453
0.155165 6.530940 3.841368
0.037397 6.531181 3.347797
-0.003727 6.513495 3.150411
-0.082655 6.487359 3.256196
-0.246666 6.522663 3.609639
-0.369396 6.415602 4.111357
-0.455685 6.222942 4.746463
-0.491337 6.064064 5.190227
-0.415452 5.911490 5.209748
-0.313291 5.896029 5.002884
-0.086311 5.953724 4.622581
0.136656 6.130887 4.194697
0.282140 6.199453 3.769428
0.339391 6.208873 3.295256
0.368785 6.161957 2.903917
0.399090 6.061216 2.502109
0.429924 6.042483 2.186975
0.544851 6.004088 1.873557
0.651212 5.943521 1.597492
0.792044 5.853464 1.352484
0.934773 5.760791 1.124520
1.052390 5.582637 0.810326
1.248206 5.262910 0.389030
1.559043 4.913195 0.086288
1.948176 4.592142 -0.171041
2.318100 4.331795 -0.577713
2.681232 3.900059 -1.184557
3.092834 3.245721 -1.916154
3.518129 2.618303 -2.609750
3.907500 2.021542 -3.409336
4.299524 1.353326 -4.278677
4.809566 0.580962 -4.823723
5.281320 -0.201147 -5.112910
5.753029 -1.058334 -5.286709
6.210991 -1.863071 -5.294430
6.645981 -2.614528 -5.135051
6.981055 -3.219559 -4.878362
7.297424 -3.695231 -4.632561
7.643529 -4.121726 -4.346028
7.867303 -4.356835 -4.140765
8.083130 -4.523577 -4.040285
8.265884 -4.607198 -3.939097
8.386011 -4.648583 -3.826738
8.418449 -4.668599 -3.749830
8.427496 -4.678056 -3.670013
8.444149 -4.621227 -3.642725
8.466591 -4.551761 -3.618332
8.407231 -4.471852 -3.534280
8.303415 -4.294701 -3.482368
8.258154 -4.177797 -3.490647
8.206978 -4.071955 -3.445353
8.179028 -3.992309 -3.422654
8.160449 -3.946410 -3.400275
8.127111 -3.882983 -3.392392
8.108217 -3.823798 -3.394388
8.081515 -3.781464 -3.401890
8.043519 -3.733789 -3.447618
7.980381 -3.648460 -3.436735
7.916605 -3.598367 -3.366729
7.828043 -3.551056 -3.202110
7.593310 -3.372727 -2.748968
7.229448 -2.992594 -2.199441
6.782531 -2.496122 -1.629843
6.331655 -1.834221 -0.836964
5.953720 -1.028767 -0.025883
5.504061 -0.148874 0.727912
5.082778 0.638184 1.561654
4.606108 1.324324 2.142023
4.006639 1.885850 2.497722
3.446646 2.423132 2.803644
2.867367 2.973986 2.967875
2.239986 3.645307 3.148183
1.743920 4.250306 3.121733
1.322515 4.874677 3.238902
1.063325 5.231075 3.486664
0.753190 5.635941 3.656737
0.623043 6.058702 3.821603
0.590720 6.332185 3.876094
0.549203 6.459304 4.034265
0.476454 6.603413 4.186145
0.451240 6.810694 4.268856
0.366087 7.104720 4.325807
0.311229 7.299226 4.337164
0.382789 7.415404 4.315821
0.470598 7.568105 4.243170
0.597519 7.670371 4.283531
0.672782 7.687183 4.241651
0.644876 7.661009 4.118427
0.619465 7.650978 4.045638
0.636519 7.647692 4.045243
0.666795 7.598853 3.899456
0.603974 7.610696 3.779279
0.634635 7.599902 3.975312
0.697645 7.571051 4.081749
0.738541 7.518949 4.008804
0.727805 7.451504 4.059745
0.715963 7.360376 4.210649
0.736732 7.344866 4.215435
0.856083 7.301124 4.190486
0.943024 7.332024 4.220066
0.956929 7.348217 4.145859
0.910828 7.412971 4.062729
0.851062 7.408139 4.000402
0.772238 7.388296 3.831900
0.648123 7.402870 3.595268
0.727769 7.326093 3.582594
0.932935 7.264714 3.490731
1.103483 7.204021 3.162411
1.280018 6.939916 2.615829
1.454482 6.736290 2.053627
1.760253 6.510314 1.590268
2.141666 6.210481 1.274388
2.549738 5.809661 1.025278
2.791512 5.463047 0.825364
2.945916 5.153294 0.773643
3.042395 4.875821 0.836739
3.181265 4.501231 0.779824
3.213999 4.300009 0.775442
3.302869 4.086883 0.919023
3.429015 3.880813 0.963844
3.515724 3.739025 0.920013
3.571591 3.576108 0.999756
3.592618 3.467596 1.214951
3.522320 3.466691 1.638665
3.362804 3.494521 2.287077
3.099085 3.563697 2.882753
2.884922 3.622115 3.361436
2.776227 3.674727 3.810223
2.748144 3.762192 4.111407
2.668185 3.916367 4.262328
2.559740 4.056295 4.437682
2.407598 4.067323 4.483891
2.259957 4.064318 4.487478
2.196656 4.108675 4.546818
2.192333 4.186803 4.583121
2.197058 4.223671 4.626215
2.172058 4.320256 4.761130
2.242053 4.412951 4.855748
2.294405 4.461734 4.885238
2.305677 4.398129 4.905107
2.308562 4.251646 4.859762
2.336992 4.144217 4.685672
2.434878 4.055404 4.514599
2.564963 3.993353 4.470935
2.745891 3.878826 4.422536
2.871910 3.785368 4.244107
2.923234 3.745571 4.070941
3.014987 3.613049 3.742049
3.002894 3.502340 3.125842
2.923245 3.439604 2.241309
2.855291 3.521389 1.462942
2.863783 3.713697 0.798487
2.852571 3.925708 -0.174215
2.605558 4.326119 -1.341791
2.286588 4.587647 -2.342847
1.951574 4.897244 -3.034089
1.662294 5.342500 -3.610982
1.534079 5.700493 -4.290498
1.648882 6.124855 -4.919582
2.068085 6.517250 -5.391340
2.539192 6.647797 -6.236803
2.971223 6.556331 -7.418220
3.483835 6.372873 -8.528500
4.008967 6.118909 -9.596025
4.527022 5.649053 -10.499463
5.131463 4.844066 -11.078674
5.586192 3.993535 -11.625244
6.010083 3.074015 -12.080718
6.445333 2.066978 -12.314752
6.906031 1.174099 -12.515771
7.260846 0.438837 -12.778628
7.705979 -0.421004 -13.050804
7.989616 -1.085953 -13.445328
8.291561 -1.639736 -13.971928
8.431299 -2.080673 -14.453038
8.528358 -2.506238 -14.731872
8.652915 -2.917018 -14.861475
8.709570 -3.036349 -14.980858
8.680904 -2.942829 -15.081021
8.532815 -2.888867 -14.984655
8.264731 -2.947101 -14.862210
8.045220 -3.035690 -14.921927
7.903230 -3.002118 -14.836559
7.792225 -2.978947 -14.654073
7.600714 -2.967141 -14.544503
7.449773 -2.971004 -14.496349
7.351585 -2.989729 -14.412638
7.206453 -2.864358 -14.092572
6.950133 -2.666193 -13.715993
6.626434 -2.539001 -13.126127
6.208812 -2.394015 -12.352927
5.648777 -2.285816 -11.781266
5.201825 -2.274927 -11.362285
4.836359 -2.074822 -11.003386
4.544313 -1.817089 -10.616811
4.304312 -1.539300 -10.292989
4.085867 -1.216170 -9.822779
3.992920 -1.072196 -9.057004
3.878105 -0.942072 -8.209769
3.765969 -0.629059 -7.356269
3.520943 -0.304958 -6.467202
3.158101 -0.118454 -5.847875
2.852783 0.117282 -5.015623
2.651913 0.415982 -4.349877
2.501156 0.856570 -4.188838
2.285370 1.276871 -3.945942
2.028446 1.530683 -3.893517
1.888728 1.733701 -3.937779
1.738948 1.937505 -3.893979
1.774428 1.938304 -3.960047
1.921774 2.105204 -4.007385
2.101960 2.360725 -4.340176
2.476606 2.378095 -4.731204
2.995229 2.277000 -5.623304
3.380922 1.937342 -7.239663
3.737380 1.486349 -8.593317
4.127405 1.077071 -9.668767
4.504253 0.595387 -10.569358
4.805360 0.233747 -11.255311
5.077374 -0.081525 -11.885593
5.267488 -0.323671 -12.188664
5.278693 -0.399300 -12.237743
5.285056 -0.437069 -11.915082
5.272233 -0.417525 -11.738371
5.214910 -0.472033 -11.770139
5.189301 -0.624321 -11.617855
5.150257 -0.682036 -11.362290
5.166010 -0.750651 -11.087635
5.187968 -0.819897 -10.848279
5.264483 -0.889119 -10.851798
5.407871 -1.024206 -10.936384
5.451331 -1.151189 -10.969570
5.463828 -1.274107 -11.036011
5.541863 -1.367891 -11.191183
5.683080 -1.400788 -11.308534
5.725397 -1.362315 -11.440622
5.718745 -1.351078 -11.625111
5.737907 -1.378616 -11.594242
5.770579 -1.381675 -11.489391
5.841526 -1.468637 -11.277766
5.934940 -1.539785 -10.924586
6.060968 -1.515529 -10.602597
6.107754 -1.481455 -10.349296
6.146847 -1.539947 -9.998886
6.254923 -1.607133 -9.700768
6.353768 -1.661163 -9.459901
6.304609 -1.736272 -9.334318
6.307860 -1.874816 -9.207005
6.416293 -1.930539 -9.006491
6.544952 -1.921056 -8.814180
6.553958 -1.899658 -8.745759
6.544924 -1.961533 -8.584696
6.519085 -2.009635 -8.437414
6.499686 -2.045949 -8.440728
6.458128 -2.018639 -8.456944
6.425705 -1.947296 -8.430127
6.422894 -1.903845 -8.410593
6.401685 -1.894724 -8.416190
6.305528 -1.867754 -8.418412
6.284225 -1.902697 -8.359960
6.301112 -1.906644 -8.268339
6.279252 -1.848531 -8.226367
6.249496 -1.840930 -8.193664
6.227853 -1.869344 -8.106951
6.239512 -1.895717 -8.018341
6.234734 -1.884499 -8.029863
6.196981 -1.885157 -8.015926
6.162055 -1.899503 -7.973998
6.127475 -1.866592 -7.930707
6.040495 -1.741287 -7.826842
5.890465 -1.590824 -7.432695
5.522312 -1.293125 -6.425990
5.099578 -0.848059 -4.933331
4.567938 -0.147559 -3.048891
3.886459 0.651347 -0.940764
3.119190 1.475904 0.208172
2.400024 1.985636 1.201045
1.639377 2.376397 2.294882
0.940204 2.771781 2.847013
0.393237 3.073741 3.103416
0.020491 3.406178 3.222322
-0.335952 3.838582 3.290364
-0.677932 4.061992 3.161909
-0.986503 4.326994 2.727348
-1.212948 4.568161 2.208065
-1.492596 4.802031 1.787253
-1.705101 4.989209 1.599601
-1.632052 5.081865 1.747292
-1.545635 5.266121 1.767913
-1.627327 5.511588 1.626839
-1.796636 5.751452 1.292286
-1.929760 6.109034 0.925260
-1.906514 6.481539 0.498356
-1.716554 6.775686 -0.008529
-1.388256 7.092301 -0.638407
-0.835947 7.453079 -1.221794
-0.279672 8.016623 -1.880050
0.241081 8.493421 -2.212792
0.672189 8.787763 -2.093338
0.901488 9.007050 -1.747651
1.086542 9.104911 -1.384179
1.222284 9.144682 -1.092601
1.312076 9.131894 -0.784720
1.475986 9.013954 -0.419798
1.581088 8.998299 -0.088818
1.658581 9.041797 0.321560
1.739737 9.123121 0.806763
1.776225 9.097308 1.022329
1.799672 9.033990 1.263044
1.818893 8.965453 1.439500
1.829714 8.857442 1.460395
1.912829 8.719573 1.464293
2.081172 8.587164 1.523834
2.222489 8.433033 1.359836
2.230519 8.444563 1.134313
2.188586 8.440778 0.959124
2.176150 8.315276 0.627395
2.237761 8.059995 -0.052635
2.283756 7.714924 -0.735560
2.457447 7.392446 -1.178420
2.741208 7.186161 -1.481935
2.952090 6.983537 -1.704057
3.011500 6.721815 -1.881176
3.076013 6.350729 -2.059621
3.120852 6.080312 -2.365185
3.128732 5.889546 -2.710933
3.184544 5.636889 -2.911943
3.261017 5.446682 -3.015575
3.435152 5.226285 -3.183498
3.477705 5.056136 -3.290420
3.571503 4.734696 -3.414661
3.746347 4.338303 -3.756938
3.874818 3.972613 -4.484591
3.948008 3.694879 -5.691125
4.063935 3.401264 -7.267729
4.165552 3.255828 -8.779065
4.114349 3.222719 -10.455138
4.035015 3.159690 -12.349269
4.061278 3.136205 -14.117326
4.072606 3.213476 -14.815377
4.047591 3.316598 -14.429765
3.934985 3.522877 -13.222189
3.761329 3.619181 -11.767384
3.375076 3.686107 -10.919415
3.060092 3.760244 -9.910763
2.923182 3.793640 -8.493670
2.879119 3.804331 -7.054106
2.883659 3.801828 -5.914044
3.026978 3.793118 -5.038747
3.254056 3.717074 -4.508340
3.370492 3.783521 -4.163224
3.459064 3.794903 -3.765155
3.464551 3.900697 -3.154079
3.347144 4.084472 -2.382139
3.136391 4.291084 -1.471233
2.808817 4.468909 -0.646787
2.466756 4.773604 0.045857
2.236867 5.207171 0.612722
2.071806 5.721229 1.194402
1.906694 6.029678 1.710120
1.697380 6.328617 2.123953
1.557747 6.606728 2.470981
1.418301 6.889108 2.822019
1.312959 7.156153 3.175715
1.118645 7.575155 3.424870
1.004337 7.896378 3.594069
0.990961 8.083021 3.701595
0.915519 8.275066 3.733757
0.870727 8.414744 3.835765
0.854427 8.498737 3.888146
0.877204 8.498094 3.781639
0.964329 8.494742 3.792600
1.021283 8.479473 3.821987
0.986425 8.512522 3.768075
0.993027 8.548325 3.777456
1.005988 8.618081 3.752640
1.096568 8.609788 3.729342
1.152424 8.485664 3.663306
1.207843 8.298703 3.517761
1.262820 8.241296 3.346191
1.368223 8.211634 3.208386
1.433024 8.141719 2.959825
1.451971 8.104140 2.707906
1.463148 8.074286 2.472766
1.539798 7.957050 2.218601
1.618955 7.920828 1.842324
1.708406 7.757761 1.089833
1.784323 7.513283 0.211050
1.894689 7.243972 -0.595067
1.996721 6.996210 -1.488304
2.194399 6.640174 -2.310335
2.382237 6.161450 -3.329784
2.487772 5.747832 -4.417170
2.621810 5.323107 -5.574367
2.814118 4.940038 -6.830524
2.973212 4.657513 -7.869224
3.147555 4.421871 -8.609325
3.431239 4.138527 -9.094262
3.630565 3.949272 -9.431424
3.775223 3.770253 -9.638604
3.907472 3.584494 -9.903847
4.067604 3.440292 -10.273200
4.220497 3.340934 -10.686579
4.346361 3.334474 -11.093318
4.502859 3.381055 -11.594860
4.702750 3.544303 -12.030453
4.981396 3.658714 -12.058242
5.219031 3.827581 -11.340775
5.426628 4.087765 -9.775250
5.542157 4.217951 -8.055015
5.601060 4.296263 -6.322304
5.580577 4.412149 -4.853008
5.499765 4.535230 -4.005748
5.484844 4.596709 -3.331712
5.535644 4.617603 -2.744707
5.579783 4.575040 -2.440017
5.614989 4.570330 -2.322902
5.527952 4.562273 -2.248697
5.430676 4.591586 -2.160782
5.373093 4.672377 -2.016738
5.288998 4.715223 -1.921256
5.137649 4.766995 -1.941074
4.989458 4.755713 -1.936637
4.844696 4.661799 -2.032336
4.701012 4.679203 -2.056131
4.534372 4.685236 -1.950571
4.408476 4.695720 -1.676917
4.288366 4.698089 -1.257030
4.076756 4.716010 -0.903146
3.840727 4.668240 -0.494584
3.572817 4.637512 -0.007322
3.368567 4.615670 0.514672
3.197789 4.549925 0.946354
3.064407 4.474884 1.202061
2.933762 4.502569 1.485451
2.789641 4.543595 1.739841
2.625008 4.603312 2.087054
2.410537 4.695523 2.609315
2.173090 4.862807 3.293545
1.863773 5.105682 3.981759
1.690883 5.318301 4.411354
1.703449 5.516060 4.611038
1.522693 5.689616 4.322456
1.299909 5.749120 3.841563
1.149074 5.766481 3.225496
0.956996 5.748302 2.484547
0.745815 5.773647 2.028363
0.717250 5.794811 2.020202
0.774267 5.886537 2.389001
0.780844 5.925093 2.672458
0.783984 5.987809 2.947511
0.791756 6.125363 3.474216
0.854730 6.134752 4.105185
0.898158 6.083390 4.712338
0.869733 5.998925 4.947388
0.740839 5.987337 4.916557
0.822107 5.948290 5.142315
1.069723 6.031898 5.322362
1.488110 6.191369 5.330306
2.039040 6.437956 5.338505
2.650275 6.606369 5.219250
3.181718 6.646401 4.904328
3.480354 6.697538 4.489590
3.442818 6.630120 4.101909
3.228185 6.455178 3.838317
2.978192 6.285152 3.528204
2.805497 6.129025 3.255917
2.629078 6.023310 3.136158
2.408724 5.838511 2.993227
2.169694 5.602405 2.815302
2.036417 5.314855 2.733212
2.055741 5.107491 2.600279
2.229862 4.904491 2.372182
2.491965 4.705063 2.087360
2.761543 4.525379 1.760793
2.940199 4.349162 1.422100
3.101940 4.040601 0.905884
3.317178 3.707550 0.188306
3.608672 3.385747 -0.740533
3.833873 2.905327 -2.044163
3.956049 2.444000 -3.568446
4.138582 1.957620 -5.006636
4.378106 1.519291 -6.446476
4.506986 1.302216 -7.717984
4.722112 0.886351 -8.897037
4.924570 0.410047 -10.048512
4.997523 -0.097722 -11.230200
5.152973 -0.713307 -12.517250
5.401471 -1.191306 -13.722291
5.580106 -1.508792 -14.501711
5.702118 -1.884309 -14.912384
5.836069 -2.199240 -15.262838
5.721601 -2.544180 -15.554517
5.347461 -3.095972 -15.565631
4.854730 -3.482034 -15.443237
4.308603 -3.767987 -15.457439
4.057370 -4.151340 -15.462365
4.054965 -4.316818 -15.235610
4.208737 -4.449361 -15.271923
4.576112 -4.384558 -15.321032
4.891556 -4.391396 -15.240924
5.106915 -4.720652 -14.986411
5.447992 -5.048320 -14.880269
5.775947 -5.293341 -14.940540
6.135823 -5.596247 -15.017636
6.510828 -5.839958 -15.078112
6.872529 -6.001875 -15.219457
7.134295 -6.029822 -15.361722
7.187526 -5.964157 -15.343179
7.157993 -5.975797 -15.127911
7.133667 -6.122540 -14.771040
7.139663 -6.220376 -14.625613
7.255658 -6.188858 -14.605126
7.421409 -6.228570 -14.567191
7.475900 -6.298470 -14.395947
7.486579 -6.327113 -14.181451
7.508110 -6.299797 -13.900484
7.490245 -6.351353 -13.681094
7.514369 -6.407560 -13.623547
7.690394 -6.480601 -13.649332
7.881503 -6.523038 -13.701355
8.060437 -6.482500 -13.720349
8.218343 -6.406575 -13.647323
8.377704 -6.417387 -13.601068
8.522163 -6.454574 -13.676058
8.531340 -6.476129 -13.779824
8.485922 -6.627923 -13.939648
8.581283 -6.802317 -14.177663
8.682933 -6.840057 -14.558773
8.706031 -6.733781 -14.809072
8.673841 -6.719039 -14.648200
8.592139 -6.732988 -14.108668
8.316042 -6.633575 -13.209900
7.802859 -6.374155 -11.859007
7.155928 -6.041890 -10.259664
6.394237 -5.685647 -8.840452
5.597018 -5.216300 -7.798881
4.778920 -4.762482 -6.864327
3.878420 -4.221035 -5.820407
3.040636 -3.764235 -4.937307
2.227490 -3.269848 -4.095105
1.567788 -2.886664 -3.270542
1.073039 -2.506742 -2.380380
0.698556 -2.168649 -1.607881
0.370438 -1.666364 -1.301411
0.139184 -1.014635 -1.035713
-0.026120 -0.304653 -0.715631
-0.107951 0.409426 -0.415277
-0.258125 1.202973 0.077859
-0.277402 1.739558 0.268204
-0.274895 2.329587 0.296381
-0.287140 2.934771 0.252111
-0.269105 3.486335 0.356898
-0.349002 3.965575 0.278886
-0.568348 4.258128 -0.259803
-0.763627 4.645953 -0.650166
-0.958381 5.124604 -0.871525
-1.197132 5.503444 -1.150503
-1.384151 5.795037 -1.236949
-1.475803 5.912891 -1.113774
-1.356083 5.878643 -1.165255
-1.146485 5.838432 -1.442668
-0.925241 5.685602 -1.494189
-0.608034 5.486350 -1.419774
-0.218156 5.374328 -1.437976
-0.003188 5.356716 -1.357957
0.110437 5.144002 -1.530778
0.180037 4.978234 -1.887617
0.295066 4.774659 -2.254106
0.536961 4.407704 -2.690229
0.749464 4.190146 -3.135198
1.004846 3.953533 -3.421574
1.337938 3.698006 -3.725503
1.777611 3.469802 -4.202058
2.092025 3.242232 -4.918655
2.427573 2.929354 -5.660903
2.938122 2.516731 -6.348202
3.313386 2.206231 -6.957332
3.639920 1.827551 -7.581701
3.953566 1.574237 -8.309605
4.054735 1.511493 -8.612547
3.993590 1.312557 -8.623080
4.153837 1.004731 -8.650467
4.419293 0.861823 -8.805675
4.576032 0.844327 -9.047099
4.830969 0.725240 -9.047560
5.144920 0.514080 -8.985750
5.334544 0.194540 -9.285772
5.463509 -0.207667 -9.318563
5.603648 -0.734302 -9.465783
5.758694 -1.255375 -9.854418
6.007077 -1.675431 -9.968480
6.289511 -1.896158 -10.122929
6.420851 -1.906697 -10.274650
6.470879 -1.897758 -10.168893
6.568860 -1.976762 -9.927089
6.540787 -1.932704 -9.974682
6.453618 -1.824005 -10.254180
6.312090 -1.677337 -10.417239
6.217846 -1.566374 -10.515311
6.178377 -1.422432 -10.402227
6.169543 -1.374291 -10.215902
6.100753 -1.288324 -9.981691
6.046567 -1.233123 -9.834308
5.987966 -1.061593 -9.746090
5.985398 -0.863930 -9.607200
6.030200 -0.656941 -9.258340
6.111475 -0.488021 -8.802200
6.139977 -0.308841 -8.528173
6.103973 -0.133932 -8.154540
6.013273 -0.018713 -7.712877
5.866051 0.032041 -7.492417
5.699585 0.077752 -7.216792
5.471560 0.213913 -6.909823
5.323871 0.287603 -6.651845
5.170957 0.386556 -6.368388
5.065294 0.449248 -6.213982
4.956670 0.634438 -6.030512
4.859917 0.845800 -5.820069
4.759355 1.014256 -5.531099
4.579838 1.189659 -5.261972
4.408820 1.464436 -5.048842
4.336316 1.721866 -4.782950
4.192598 1.985797 -4.444360
3.991017 2.149437 -4.253908
3.816191 2.268167 -4.077584
3.621008 2.466355 -3.677773
3.464802 2.561882 -3.282461
3.285022 2.648183 -2.989492
3.107883 2.738084 -2.620094
2.959549 2.856964 -2.001217
2.853883 2.966272 -1.221138
2.700216 3.067484 -0.443691
2.430008 3.245082 0.427951
2.129874 3.451680 1.419707
1.806291 3.756378 2.252823
1.620060 4.018561 2.787702
1.493246 4.364673 3.203439
1.382099 4.571552 3.457325
1.214882 4.814804 3.615900
1.034778 5.153170 3.758900
0.837720 5.456430 3.815044
0.675344 5.670238 3.732528
0.509262 5.857108 3.452419
0.341280 6.009044 3.052595
0.201545 6.165219 2.384653
-0.065877 6.509676 1.618498
-0.543399 6.851179 0.838603
-0.956691 7.038449 0.207412
-1.271763 7.254587 -0.191013
-1.564618 7.424534 -0.749210
-1.893508 7.631914 -1.193034
-2.192902 7.900465 -1.128800
-2.486756 8.300982 -0.679499
-2.691652 8.610092 -0.115108
-2.922271 8.932409 0.472082
-3.054099 9.103881 1.245613
-3.234062 9.140957 1.745799
-3.272618 9.255602 2.335506
-3.246477 9.386583 2.648835
-3.203541 9.507697 2.762175
-3.035680 9.702435 2.988176
-2.775135 9.898030 3.137625
-2.582690 10.064473 3.222557
-2.426741 10.071985 3.309531
-2.403393 10.059671 3.248417
-2.415351 10.076919 3.181680
-2.383366 10.008733 3.201449
-2.299243 9.892554 3.179256
-2.204061 9.853227 3.089298
-2.100362 9.836776 2.996977
-1.999853 9.931772 2.967184
-1.919836 10.026438 2.897082
-1.870002 10.058643 2.699637
-1.819044 10.144085 2.483315
-1.772254 10.313571 2.288343
-1.593545 10.404949 2.151007
-1.388860 10.468156 2.077337
-1.215025 10.559356 2.182300
-1.125827 10.598774 2.312717
-1.078253 10.553527 2.345457
-1.006777 10.581474 2.433289
-0.966271 10.605561 2.525889
-1.017889 10.545168 2.585061
-1.095651 10.487456 2.569088
-1.165126 10.466157 2.459744
-1.145966 10.436501 2.438525
-1.126425 10.402057 2.461668
-1.181134 10.470274 2.466584
-1.183126 10.552096 2.525436
-1.155635 10.593058 2.698081
-1.167717 10.607075 2.869762
-1.145236 10.558401 3.031521
-1.157820 10.507213 3.164674
-1.195670 10.474221 3.284951
-1.233480 10.393539 3.371937
-1.242195 10.269254 3.488648
-1.220996 10.235321 3.689453
-1.190689 10.213211 3.857255
-1.106674 10.159469 4.023504
-1.006134 10.174259 4.328816
-0.936761 10.257357 4.637363
-0.930455 10.456072 4.995244
-0.946049 10.589512 5.304040
-1.079794 10.562474 5.308903
-1.246868 10.596930 5.426039
-1.353950 10.804065 5.774875
-1.471733 10.994838 5.948330
-1.564532 11.163429 5.972331
-1.635039 11.468053 6.030074
-1.697099 11.846325 6.124620
-1.813949 12.264327 6.337130
-1.944759 12.513324 6.694020
-2.150045 12.630415 6.833613
-2.349090 12.712917 6.810175
-2.519279 12.859210 6.873218
-2.699911 12.875643 6.936041
-2.846793 12.723875 6.997953
-2.903669 12.578745 7.161134
-2.818450 12.401738 7.285615
-2.708439 12.257103 7.396241
-2.650077 12.127080 7.574770
-2.587998 11.964095 7.566308
-2.454920 11.918893 7.518555
-2.302431 11.941497 7.381392
-2.250800 11.955165 7.149634
-2.275969 11.921593 6.830849
-2.371266 11.915355 6.568530
-2.448951 11.789564 6.324620
-2.524684 11.690348 6.091069
-2.694238 11.703431 5.842071
-2.893913 11.691673 5.669502
-3.024171 11.675681 5.635801
-3.053971 11.737678 5.557267
-2.981730 11.777394 5.426824
-2.884082 11.913279 5.341417
-2.751809 11.972880 5.280404
-2.607578 12.015497 5.241813
-2.466199 12.091549 5.234178
-2.341099 12.128336 5.227676
-2.268518 12.129700 5.207835
-2.214406 12.108108 5.216480
-2.219534 12.137475 5.145776
-2.241944 12.126188 5.059096
-2.135418 12.081600 5.017400
-1.890081 12.099023 5.035717
-1.670406 12.099925 4.883980
-1.498939 12.032146 4.494734
-1.332286 11.990807 4.162683
-1.177708 11.935535 3.781152
-0.879636 11.746648 2.888703
-0.653378 11.514592 1.579975
-0.346720 11.321886 0.222870
0.112635 11.257662 -0.943837
0.614366 11.180047 -1.785125
1.052666 11.016085 -2.537967
1.257010 10.960592 -3.169463
1.333427 10.867205 -3.515189
1.423171 10.715751 -3.591239
1.466748 10.595984 -3.688309
1.560802 10.427961 -3.703423
1.724641 10.225520 -3.482129
1.956773 9.990791 -3.237542
2.035493 9.837841 -3.139066
2.041723 9.650282 -2.810852
1.995725 9.377331 -2.324617
1.873428 9.040079 -2.023450
1.760634 8.743014 -1.710782
1.657566 8.559971 -1.417059
1.522886 8.527768 -1.157947
1.439667 8.487972 -0.897243
1.339770 8.491672 -0.791399
1.225198 8.654373 -0.672023
1.169415 8.825660 -0.303724
1.094142 8.860057 0.058234
1.015788 8.894721 0.393242
0.944308 8.974788 0.635392
0.927372 9.150355 0.865119
0.964953 9.323318 1.104033
1.001605 9.440829 1.294344
1.003484 9.421034 1.271018
0.964666 9.442041 1.198854
0.967784 9.547222 1.238645
0.992821 9.655173 1.337872
1.031778 9.708144 1.450721
1.105613 9.715513 1.556190
1.176838 9.692880 1.620047
1.191950 9.679766 1.726894
1.118356 9.719960 1.974845
0.971502 9.726493 2.445993
0.719331 9.787752 3.141666
0.267544 9.913017 3.915601
-0.241686 10.079417 4.888821
-0.695606 10.240206 5.807625
-1.122600 10.489374 6.599215
-1.519667 10.686704 7.272920
-1.751047 10.720822 7.470831
-1.946993 10.801541 7.497456
-2.059214 10.848810 7.588068
-2.074849 10.933539 7.662527
-2.000634 11.033725 7.599813
-1.928459 11.090984 7.446464
-1.780345 11.159537 7.388319
-1.640858 11.245754 7.296642
-1.569658 11.312310 7.065689
-1.506605 11.428460 6.775162
-1.381227 11.475015 6.623445
-1.310130 11.551485 6.469257
-1.275044 11.618387 6.263575
-1.196265 11.630455 6.110420
-1.129512 11.594692 5.909280
-1.087357 11.490825 5.608059
-0.959390 11.328500 5.366309
-0.846940 11.165056 5.175171
-0.748605 11.008610 4.885682
-0.593865 10.867677 4.407621
-0.398137 10.758620 3.899770
-0.102067 10.646465 3.228929
0.219769 10.445923 2.275290
0.512155 10.090587 1.211570
0.862792 9.826671 0.002999
1.466658 9.549732 -1.253856
2.035148 9.209854 -2.560016
2.666822 8.668345 -3.517643
3.103915 8.251906 -4.181758
3.375396 7.767521 -4.761645
3.598744 7.207458 -5.142475
3.754868 6.759639 -5.270949
3.902193 6.305812 -5.238983
4.072025 5.923031 -5.146028
4.411502 5.538061 -4.918387
4.718320 5.191199 -4.595764
4.887029 4.940995 -4.383392
5.081504 4.638031 -4.188008
5.196984 4.363149 -3.941250
5.237052 4.156358 -3.853957
5.309079 3.959584 -3.797742
5.347579 3.786862 -3.724163
5.385073 3.595301 -3.694404
5.440497 3.482453 -3.605256
5.503748 3.388659 -3.518472
5.512470 3.321726 -3.491992
5.464936 3.260176 -3.497894
5.423733 3.203141 -3.508771
5.444762 3.216828 -3.451369
5.442034 3.242934 -3.384787
5.334033 3.260599 -3.357419
5.253788 3.237606 -3.302454
5.280352 3.195165 -3.233702
5.326491 3.220694 -3.214648
5.316445 3.301803 -3.136859
5.261603 3.360246 -2.922492
5.171159 3.374657 -2.628769
5.066098 3.467032 -2.198643
4.944394 3.688299 -1.304884
4.715853 3.966168 0.264381
4.310652 4.392950 2.171584
3.826571 4.975699 4.051856
3.357183 5.470407 5.492870
3.038952 5.797637 6.617225
2.820369 6.050119 7.344025
2.578563 6.313975 7.850893
2.313477 6.452694 8.396384
2.128686 6.536638 8.692924
2.027897 6.690292 8.738877
2.017941 6.824256 8.777063
1.994408 6.947581 8.765778
1.948128 7.072171 8.762776
1.941472 7.115438 8.668496
1.993940 7.069989 8.411507
2.009486 6.970762 8.121699
1.870279 6.843135 7.640000
1.875634 6.661602 7.140341
2.025973 6.636722 6.783443
2.214736 6.592832 6.458585
2.436908 6.467455 6.135349
2.633849 6.440287 5.904751
2.884091 6.353250 5.751572
3.000002 6.218914 5.375666
3.118590 5.991586 4.839570
3.310867 5.778669 4.026423
3.555151 5.681890 2.672445
4.072722 5.582566 1.145023
4.713424 5.476450 -0.397266
5.238786 5.345573 -2.346680
5.672811 5.200942 -4.148958
6.139082 4.939282 -5.582337
6.543700 4.695492 -6.943361
6.986110 4.559731 -8.205162
7.368655 4.554961 -9.486666
7.554037 4.506037 -11.076433
7.675887 4.390583 -12.444881
7.874067 4.097415 -13.476658
8.143474 3.510863 -14.346243
8.526700 2.793427 -14.731554
8.749627 2.136083 -14.918529
8.706984 1.534629 -15.258497
8.636783 0.892809 -15.365009
8.527512 0.165020 -15.143566
8.406541 -0.391006 -15.112485
8.316254 -0.722665 -14.975440
8.297571 -1.075008 -14.611831
8.199748 -1.355398 -14.483812
8.067530 -1.528733 -14.270368
7.810195 -1.550347 -13.809956
7.493849 -1.594866 -13.356939
7.053632 -1.622465 -12.773501
6.647050 -1.666675 -12.231244
6.168012 -1.616759 -11.628721
5.463019 -1.453544 -10.239408
4.527476 -1.297035 -8.900996
3.588649 -1.076869 -7.618229
2.665200 -0.730337 -6.192074
1.625292 -0.281128 -4.886380
0.806528 0.011616 -3.720925
0.242804 0.259386 -2.568317
-0.375596 0.612513 -1.613741
-0.896054 0.961652 -0.936086
-1.269526 1.346446 -0.303453
-1.687371 1.807444 0.400752
-1.936559 2.205469 0.921886
-2.187095 2.842523 1.302762
-2.392970 3.334510 1.649933
-2.558208 3.713009 1.884531
-2.757437 4.211842 2.078901
-2.918663 4.654570 2.360638
-2.961643 4.878028 2.611836
-2.928964 5.134017 2.722885
-2.854142 5.373228 2.722855
-2.848036 5.540239 2.544898
-2.886069 5.610501 2.268215
-2.839951 5.706018 2.005439
-2.552364 5.787865 1.691172
-2.105262 5.783171 0.780535
-1.535064 5.849714 -0.523348
-0.732995 5.629899 -2.333712
0.073327 5.266354 -4.349534
0.881913 4.824222 -6.251161
1.734455 4.310620 -7.585815
2.444690 3.764110 -8.625597
3.006451 3.138809 -9.585359
3.420250 2.644441 -10.128264
3.678728 2.134478 -10.355014
3.854587 1.667691 -10.574146
3.998651 1.473494 -10.553716
4.118690 1.258117 -10.562897
4.220115 0.944263 -10.805817
4.327278 0.716717 -11.147121
4.515251 0.524799 -11.259309
4.784436 0.284188 -11.260511
5.104611 -0.007787 -11.552851
5.393010 -0.191109 -11.937745
5.731526 -0.468115 -12.299091
5.950605 -0.707935 -12.708442
6.143347 -0.870667 -13.103363
6.419189 -1.024089 -13.454475
6.631658 -1.084672 -13.719487
6.788581 -1.233836 -13.980357
6.911417 -1.376457 -14.205495
7.023835 -1.456536 -14.228222
6.998132 -1.426283 -14.115177
6.887808 -1.325086 -13.924450
6.859903 -1.231735 -13.661444
6.799480 -1.152221 -13.404832
6.716149 -1.099039 -13.172800
6.713518 -1.021371 -12.918226
6.779115 -0.890635 -12.742122
6.827440 -0.736049 -12.564829
6.698770 -0.500278 -12.230104
6.610527 -0.435639 -11.896444
6.518044 -0.336684 -11.643404
6.479802 -0.104549 -11.384510
6.522538 0.126043 -11.076038
6.454767 0.357386 -10.718917
6.467776 0.507378 -10.449176
6.414585 0.684167 -10.323738
6.307571 0.756162 -10.097823
6.247093 0.728298 -9.842576
6.197706 0.787260 -9.788465
6.214934 0.850749 -9.746260
6.167035 0.971295 -9.730031
6.056751 1.152516 -9.699533
5.952443 1.316406 -9.534396
5.870560 1.468687 -9.452541
5.805150 1.647985 -9.462969
5.730191 1.805967 -9.395539
5.607892 1.844052 -9.315995
5.465485 1.933170 -9.227583
5.475858 1.904624 -9.033316
5.409247 2.022332 -8.882993
5.276467 2.145462 -8.642419
5.024024 2.358393 -8.080264
4.636055 2.715090 -6.871614
4.122119 3.145838 -4.947630
3.315148 3.918073 -2.630552
2.381533 4.835900 -0.686230
1.618637 5.471049 0.895845
1.108770 5.944698 2.193861
0.589824 6.569993 3.098601
0.107452 7.243238 4.022512
-0.296883 7.857606 4.876944
-0.624371 8.363646 5.609731
-0.987742 8.737066 6.119877
-1.284199 8.957941 6.356092
-1.522230 9.309925 6.507478
-1.704479 9.486655 6.513605
-1.857317 9.725056 6.380694
-1.904792 10.119901 6.354036
-1.866070 10.423460 6.169275
-1.750512 10.730831 5.898014
-1.641603 11.062841 5.614589
-1.485557 11.296103 5.458861
-1.327799 11.406701 5.301022
-1.288340 11.440510 5.052181
-1.287331 11.395111 4.857246
-1.190981 11.333020 4.708510
-1.023802 11.311341 4.435133
-0.887170 11.321839 4.062179
-0.688910 11.338570 3.563732
-0.370919 11.353126 2.991212
0.075103 11.350249 2.308629
0.578436 11.412601 1.674428
1.096852 11.388831 1.160423
1.548068 11.346604 0.810954
1.967717 11.270642 0.528628
2.194404 11.230204 0.342544
2.281301 11.162116 0.340731
2.293919 11.089430 0.438150
2.294202 11.030865 0.478507
2.458307 10.985582 0.315747
2.731006 10.955435 -0.079836
3.075641 10.768055 -0.806499
3.449857 10.469938 -1.748379
3.744553 10.105116 -2.639036
4.091284 9.732923 -3.377285
4.458673 9.403160 -3.941037
4.666490 9.132936 -4.454833
4.789341 8.813246 -5.000222
4.685148 8.646582 -5.417140
4.445201 8.569134 -5.671362
4.215126 8.525547 -5.850056
4.033271 8.572788 -5.771845
3.895906 8.534954 -5.540438
3.795988 8.404571 -5.246049
3.705779 8.237036 -5.029194
3.627223 8.133907 -4.798695
3.651064 7.965692 -4.621126
3.678621 7.751742 -4.559291
3.718152 7.642928 -4.525102
3.770705 7.642604 -4.474733
3.838392 7.631210 -4.346593
3.866875 7.655047 -4.232079
3.819512 7.697702 -4.198951
3.735060 7.708307 -4.178657
3.746933 7.694369 -4.135234
3.803431 7.712132 -4.080404
3.780608 7.698261 -4.112548
3.738946 7.671111 -4.123941
3.746322 7.683536 -4.108951
3.757361 7.656854 -4.121053
3.768698 7.624018 -4.061363
3.805484 7.594713 -4.044681
3.830133 7.600251 -4.072896
3.817449 7.575656 -4.081887
3.808706 7.557796 -4.062338
3.879747 7.572441 -4.071386
3.891005 7.630619 -4.059059
3.920478 7.548604 -4.028967
3.958510 7.531118 -4.034216
3.964178 7.558397 -4.072078
3.955076 7.503343 -4.086936
3.924346 7.525921 -4.045802
3.913333 7.600250 -4.025718
3.916074 7.589501 -4.060202
3.864148 7.605295 -4.046087
3.830482 7.600774 -4.024446
3.840637 7.577382 -4.050700
3.847745 7.601542 -4.034135
3.896847 7.583564 -4.015378
3.864887 7.602813 -4.023105
3.855576 7.600836 -4.010870
3.860848 7.574872 -4.022208
3.860184 7.579780 -4.046303
3.825202 7.615394 -4.059385
3.849065 7.559419 -4.039441
3.889383 7.564514 -4.057883
3.896933 7.591727 -4.059384
3.876645 7.558399 -4.085202
3.878841 7.538190 -4.101923
3.889272 7.572787 -4.136470
3.864425 7.570561 -4.174232
3.854447 7.547357 -4.183138
3.865511 7.567795 -4.163254
3.881684 7.563307 -4.138614
3.858350 7.565351 -4.114293
3.864101 7.556506 -4.101897
3.876873 7.564897 -4.108341
3.870268 7.567797 -4.138940
3.845470 7.554269 -4.131167
3.846609 7.542034 -4.132292
3.850522 7.546252 -4.167153
3.835242 7.562624 -4.145060
3.879108 7.493195 -4.139518
3.906566 7.519829 -4.186458
3.905925 7.544422 -4.193815
3.862206 7.515110 -4.209604
3.854221 7.502018 -4.225173
3.867868 7.512292 -4.265185
3.855371 7.472505 -4.306030
3.848975 7.428161 -4.315692
3.869914 7.420203 -4.338946
3.866467 7.419176 -4.347903
3.854977 7.385261 -4.277881
3.836060 7.418832 -4.075690
3.832456 7.553513 -3.541911
3.763160 7.740901 -2.624201
3.524744 7.931613 -1.389234
3.307127 8.142096 0.343923
3.173052 8.496469 2.540322
2.892509 9.093725 4.585435
2.588129 9.393755 6.405996
2.181704 9.595915 7.790611
1.713254 9.892942 8.685412
1.228784 10.077849 9.154635
0.936502 10.242140 9.410070
0.779227 10.379725 9.395480
0.532230 10.512112 9.135675
0.356273 10.603366 8.581216
0.276857 10.774384 8.040548
0.238167 10.924950 7.654488
0.167069 10.953081 7.419293
0.123881 10.929344 7.133290
0.172118 10.959336 6.832084
0.163561 11.041784 6.538974
0.190603 11.073518 6.274520
0.266898 11.046311 5.957757
0.275468 11.113403 5.605772
0.316277 11.103356 5.278257
0.319235 11.068864 4.860466
0.350853 11.021690 4.268433
0.529886 10.945860 3.675705
0.730573 10.844910 3.062281
0.876994 10.719871 2.282907
1.098967 10.549795 1.347467
1.386165 10.311461 0.297648
1.700722 9.944937 -0.873951
1.965814 9.582880 -1.975821
2.313917 9.310392 -2.845176
2.688631 9.069821 -3.545259
2.983376 8.851764 -4.065781
3.223138 8.602347 -4.486971
3.465931 8.317643 -4.805392
3.777865 7.934976 -5.000580
4.136213 7.504790 -5.047581
4.473058 7.115736 -4.980469
4.751671 6.625401 -4.873809
4.993173 6.161735 -4.644042
5.283419 5.709042 -4.370479
5.507236 5.150061 -4.267584
5.707951 4.669655 -4.100014
5.998631 4.272115 -3.799917
6.351546 3.868134 -3.509097
6.530058 3.537457 -3.399500
6.739672 3.126702 -3.296149
6.951306 2.655530 -3.163123
7.100634 2.222983 -3.060883
7.282931 1.791158 -3.101985
7.509043 1.404851 -3.093810
7.786675 1.012712 -3.098717
8.030182 0.793112 -3.160130
8.282899 0.544437 -3.152902
8.480661 0.348041 -3.096733
8.674588 0.200754 -2.968735
8.863011 0.037755 -2.847613
9.006324 -0.101510 -2.744010
9.049661 -0.124438 -2.674239
9.049571 -0.173626 -2.616321
9.076041 -0.220805 -2.563923
9.115198 -0.208987 -2.528617
9.152383 -0.263414 -2.490423
9.200120 -0.265471 -2.491567
9.177818 -0.235524 -2.433349
9.078680 -0.248029 -2.408184
8.976757 -0.247165 -2.370645
8.955827 -0.206553 -2.358135
8.972610 -0.142393 -2.311253
8.873312 0.017244 -2.136204
8.758149 0.211232 -1.803082
8.550612 0.477728 -1.302417
8.172923 0.813724 -0.737822
7.667158 1.295373 0.121190
7.106285 1.932353 1.115117
6.463050 2.646356 1.628338
5.822006 3.392486 1.939121
5.063016 4.185790 2.432345
4.397414 4.803549 2.828428
3.732376 5.406594 3.150591
3.139945 5.882986 3.506171
2.633774 6.256375 3.757533
2.131135 6.648318 3.908878
1.860343 6.931772 4.053696
1.726254 7.167527 4.222427
1.556725 7.447887 4.279372
1.415437 7.710377 4.230286
1.235102 7.931008 4.174080
1.148976 8.091784 4.096245
1.152475 8.313711 3.982352
1.239309 8.487602 3.951354
1.300296 8.567280 3.883881
1.272400 8.575849 3.740889
1.205986 8.502999 3.667426
1.157431 8.385854 3.553968
1.130798 8.318865 3.397670
1.181337 8.261334 3.199572
1.274444 8.271173 3.091022
1.372489 8.266917 3.047726
1.414784 8.220252 3.007665
1.388557 8.185513 2.905096
1.430123 8.074661 2.794170
1.540682 8.004541 2.880400
1.749628 7.926194 2.801684
1.968045 7.849691 2.431782
2.112109 7.745788 1.977734
2.317364 7.564473 1.521918
2.651393 7.396243 1.074718
3.113621 7.210019 0.710734
3.563823 6.941706 0.321382
3.991416 6.552273 -0.146559
4.271953 6.220912 -0.640073
4.569489 5.807072 -1.054862
4.879876 5.382182 -1.476435
5.243031 4.883734 -1.874675
5.550591 4.434623 -2.232435
5.869753 3.874329 -2.595404
6.205688 3.316963 -2.935365
6.456069 2.819189 -3.240346
6.687275 2.369630 -3.526043
6.962925 1.974985 -3.755684
7.207663 1.569373 -3.831728
7.405144 1.140816 -3.843233
7.575852 0.780469 -3.832396
7.774132 0.473651 -3.723942
7.988207 0.267238 -3.624797
8.195142 0.099965 -3.657390
8.313274 0.002744 -3.677632
8.362732 -0.039786 -3.651650
8.433940 -0.061135 -3.648971
8.462082 -0.080555 -3.683556
8.436397 -0.117408 -3.702171
8.432502 -0.138981 -3.703145
8.491490 -0.171528 -3.669164
8.545625 -0.176257 -3.618809
8.562401 -0.190727 -3.583807
8.531857 -0.187340 -3.509097
8.501023 -0.154558 -3.359868
8.430769 -0.052236 -3.199325
8.249086 0.094046 -2.904018
8.077226 0.274730 -2.230622
7.878445 0.526855 -1.315138
7.453359 0.776048 -0.634270
6.843067 1.119611 0.219472
6.296734 1.583125 1.438371
5.903106 2.091685 2.150873
5.505011 2.628387 2.618039
5.036898 3.184284 3.431618
4.604197 3.666310 4.624377
4.242610 4.023636 5.776159
3.839376 4.283438 6.737448
3.480687 4.479978 7.409689
3.131253 4.634282 7.789009
2.863004 4.767617 7.947478
2.701657 4.963526 8.067413
2.621340 5.161451 8.070324
2.527910 5.361240 8.023760
2.450388 5.534165 8.105334
2.432860 5.557662 8.127138
2.471005 5.566539 8.107925
2.443223 5.557151 8.035476
2.466962 5.456183 7.862884
2.546814 5.395072 7.700099
2.591638 5.286655 7.428699
2.694540 5.176499 6.871927
2.938343 5.138311 6.048380
3.345216 5.012067 5.272669
3.883006 4.852707 4.577871
4.460325 4.618406 3.864837
4.932740 4.301794 3.026770
5.524307 3.730087 1.979784
5.931111 3.381476 0.774232
6.312623 2.927591 -0.734048
6.746887 2.305575 -2.284348
7.109823 1.725181 -3.765757
7.461098 1.206394 -4.624658
7.771215 0.732508 -5.514723
8.032564 0.530931 -6.725053
8.305426 0.254958 -8.091005
8.542737 -0.124429 -9.304545
8.724077 -0.403019 -10.255501
8.971169 -0.784689 -11.394902
9.268285 -1.154186 -12.534746
9.464319 -1.488825 -13.404584
9.714902 -1.918134 -14.046604
9.992188 -2.189999 -14.570290
10.402834 -2.419018 -14.998064
10.987902 -2.741451 -15.287927
11.456298 -2.843645 -15.587379
11.823920 -2.994673 -15.920070
12.172307 -3.229012 -16.137768
12.575618 -3.479518 -16.331641
12.977046 -3.651591 -16.373888
13.225720 -3.712042 -16.387543
13.397989 -3.804163 -16.485285
13.570096 -3.917748 -16.298522
13.651510 -4.037775 -16.062398
13.663905 -4.221285 -15.993277
13.565166 -4.378089 -15.754221
13.500945 -4.511847 -15.642986
13.446549 -4.661871 -15.493919
13.266744 -4.803409 -15.175950
13.063540 -4.848129 -14.787518
13.008741 -4.853150 -14.461876
12.942307 -4.785530 -14.217455
12.819219 -4.785752 -14.026080
12.638645 -4.595615 -14.093912
12.463082 -4.423639 -14.345716
12.249001 -4.314938 -14.448700
12.074841 -4.159537 -14.431433
11.868743 -3.944885 -14.465379
11.683965 -3.919127 -14.482822
11.493808 -3.983929 -14.381161
11.262324 -3.827729 -14.241306
11.020864 -3.657560 -13.982402
10.781240 -3.605098 -13.866840
10.613090 -3.517332 -13.888705
10.555900 -3.373920 -13.852985
10.560443 -3.249005 -13.651442
10.482885 -3.149616 -13.188852
10.208469 -2.979486 -12.293321
9.807670 -2.741890 -10.917788
9.186433 -2.385779 -9.192754
8.458721 -2.078227 -7.352830
7.773835 -1.650622 -5.945761
7.114679 -1.069076 -5.044342
6.517418 -0.558884 -4.402570
5.905944 -0.258079 -3.740127
5.285217 0.070386 -3.143676
4.825555 0.236279 -2.693894
4.374945 0.532945 -2.044937
3.962104 0.880382 -1.583726
3.677116 1.194345 -1.075783
3.208799 1.512171 -0.211719
2.680706 1.757972 0.585657
2.061367 2.173623 1.396871
1.547683 2.629831 2.110669
1.119504 3.096804 2.612799
0.634727 3.476371 2.984974
0.167166 3.906171 3.060824
-0.183093 4.424642 3.347075
-0.703925 4.878967 3.448265
-1.333906 5.168889 3.293081
-1.776152 5.336306 3.358557
-2.145934 5.411568 3.476623
-2.440930 5.510608 3.628147
-2.634290 5.563876 3.713219
-2.818169 5.570524 3.490260
-2.955313 5.527586 3.204953
-3.028099 5.516234 2.957238
-3.094431 5.497302 2.741289
-3.078339 5.512038 2.391224
-2.869569 5.603151 1.936145
-2.583012 5.387955 1.178020
-2.140065 5.007941 0.010533
-1.677969 4.742279 -1.150374
-1.080533 4.333271 -2.072121
-0.396272 3.862970 -3.103951
0.215222 3.395837 -4.036403
0.635171 3.014886 -4.807512
1.010968 2.705586 -5.653594
1.367682 2.456407 -6.732240
1.682754 2.214159 -7.716742
1.946416 1.958228 -8.403481
2.464638 1.657514 -9.077467
3.014944 1.597370 -9.588211
3.509001 1.491478 -9.840922
3.894906 1.435037 -10.046958
4.130842 1.514069 -10.195126
4.302329 1.469787 -10.352673
4.487134 1.401441 -10.640825
4.703543 1.305193 -11.095212
4.843090 1.169369 -11.354324
4.935766 0.961521 -11.462454
5.035402 0.790745 -11.509849
5.122466 0.578717 -11.495471
5.242887 0.261392 -11.532350
5.436042 0.020614 -11.630453
5.633642 -0.084520 -11.606290
5.776618 -0.129766 -11.426836
5.981128 -0.237679 -11.355026
6.163172 -0.266083 -11.182178
6.283098 -0.215126 -10.753967
6.415709 -0.093057 -10.458167
6.473217 0.057134 -10.417382
6.391449 0.237071 -10.299734
6.285103 0.304755 -10.135110
6.320348 0.306062 -9.748572
6.320539 0.373004 -9.460026
6.265995 0.463946 -9.357074
6.148812 0.516563 -9.281418
6.071248 0.415440 -9.441386
6.045751 0.339653 -9.529844
6.101158 0.352354 -9.457723
6.252062 0.353843 -9.473348
6.336783 0.381871 -9.446964
6.363746 0.373000 -9.323171
6.403501 0.347510 -9.302274
6.426311 0.392593 -9.341473
6.458044 0.421855 -9.237058
6.505507 0.378071 -9.102103
6.551889 0.352647 -9.268491
6.525345 0.413463 -9.622312
6.476197 0.334642 -9.893395
6.372000 0.274428 -9.903310
6.314292 0.289208 -9.654471
6.243679 0.291033 -9.535166
6.156706 0.193512 -9.468038
6.102993 0.104616 -9.264193
6.099080 0.056942 -9.118443
6.073731 0.041570 -9.115801
6.062250 0.015613 -8.989399
6.047988 -0.011023 -8.659150
6.004485 -0.099332 -8.572567
5.959180 -0.104494 -8.620681
5.922836 -0.066993 -8.605800
5.928503 -0.111453 -8.461328
5.870368 -0.084739 -8.330721
5.829062 -0.044514 -8.190941
5.749665 0.010091 -8.037010
5.669549 0.030694 -7.871690
5.587059 0.054588 -7.828342
5.496508 0.134408 -7.755210
5.446865 0.173516 -7.553647
5.410594 0.175396 -7.288287
5.374185 0.230043 -6.948818
5.227709 0.345507 -6.471321
4.880473 0.533753 -5.547813
4.481452 0.769952 -4.266706
3.893436 1.262665 -2.802937
3.163833 1.771112 -1.090389
2.405006 2.153796 0.536519
1.557908 2.430911 1.755542
0.651470 2.679270 3.037301
-0.144547 2.900590 4.232698
-0.861842 3.213237 5.261210
-1.498706 3.449096 6.252266
-2.110265 3.708122 6.948697
-2.668606 4.033578 7.505342
-3.140404 4.329349 7.941631
-3.365798 4.644261 8.129447
-3.567119 5.000045 8.190877
-3.747606 5.279837 8.201947
-3.808765 5.462404 7.971460
-3.986497 5.552192 7.566958
-4.183459 5.555480 7.148753
-4.214508 5.504216 6.551238
-4.184143 5.447802 5.704262
-4.111607 5.434884 5.018127
-4.123289 5.484234 4.295551
-4.213063 5.513101 3.591453
-4.287461 5.581466 3.239006
-4.318605 5.561050 3.007506
-4.408364 5.622453 2.945861
-4.464512 5.703499 3.016507
-4.471779 5.815480 3.047364
-4.492869 5.874164 3.138574
-4.470364 5.850996 3.371675
-4.416622 5.810237 3.445082
-4.329713 5.848751 3.518553
-4.086816 5.864044 3.574104
-3.659973 5.934754 3.498425
-3.236492 6.082778 3.337686
-2.675961 6.051062 2.852594
-1.785613 5.829284 1.587890
-0.602609 5.586848 -0.433158
0.559862 5.421229 -2.502608
1.566445 5.057856 -4.110229
2.287609 4.664312 -5.267803
2.838290 4.380515 -6.159188
3.433958 4.085393 -6.756319
3.936920 3.828159 -6.988154
4.448091 3.518504 -6.889590
4.864398 3.277191 -6.862236
5.241995 3.059630 -6.899128
5.564409 2.905002 -6.867186
5.869879 2.760487 -6.769329
6.085195 2.657570 -6.605439
6.205463 2.612990 -6.504110
6.215748 2.568701 -6.390986
6.116127 2.649399 -5.992170
6.014386 2.799917 -5.472632
5.874764 2.987289 -5.044848
5.693498 3.221643 -4.638826
5.554680 3.386629 -4.081155
5.327680 3.571257 -3.512115
5.126728 3.727869 -3.071839
4.923661 3.939313 -2.657645
4.830038 4.054013 -2.119588
4.704891 4.158577 -1.566912
4.476829 4.465942 -0.807019
4.211702 4.835808 0.115914
3.892496 5.272378 1.106403
3.622192 5.782904 2.097273
3.354777 6.401103 2.803580
3.113993 6.920204 3.297099
2.779945 7.451916 3.864604
2.408537 8.103775 4.618523
1.980961 8.801390 5.363387
1.555346 9.196373 5.779540
1.129720 9.477431 6.060437
0.745903 9.710405 6.432654
0.411756 9.936761 6.774731
0.139839 10.186831 6.996273
-0.043864 10.376148 7.287686
-0.145626 10.513866 7.659331
-0.239267 10.608520 7.868474
-0.301415 10.689291 8.066980
-0.318299 10.731735 8.306544
-0.391337 10.885037 8.459368
-0.409005 11.000122 8.482401
-0.474808 11.226849 8.534111
-0.506974 11.241814 8.484284
-0.508163 11.171835 8.376419
-0.460204 11.037121 8.249201
-0.369368 10.852540 8.120676
-0.274297 10.765549 8.033814
-0.151398 10.762291 7.972413
-0.096741 10.771336 7.847654
-0.152111 10.794151 7.733367
-0.192225 10.755244 7.724757
-0.195663 10.740490 7.715429
-0.170906 10.714057 7.665070
-0.147190 10.592568 7.699501
-0.184492 10.502643 7.657775
-0.165009 10.448470 7.494194
-0.040344 10.403859 7.305114
0.065436 10.424171 7.134224
0.130328 10.413746 6.978485
0.137444 10.370265 6.781273
0.145127 10.339068 6.615371
0.203720 10.229479 6.393406
0.278312 10.041739 6.127074
0.417553 9.736259 5.900673
0.613535 9.526366 5.704650
0.958480 9.269201 5.429547
1.259671 9.112916 5.136385
1.451069 9.078212 4.864903
1.556381 8.968642 4.508526
1.583760 8.738067 4.036587
1.554550 8.534503 3.485163
1.571788 8.338264 2.963912
1.577043 8.186272 2.329008
1.629215 8.057456 1.832300
1.663622 8.073778 1.684009
1.730375 8.167152 1.994548
1.889146 8.099607 2.358990
1.995333 8.006629 2.472458
2.076812 7.868441 2.228345
1.987626 7.566384 1.207633
2.063737 6.988573 0.047551
2.325909 6.343040 -1.154268
2.700298 5.857260 -2.378628
3.167301 5.422644 -3.417479
3.583030 4.988717 -4.306084
3.914649 4.589923 -5.092475
4.190541 4.165856 -5.537476
4.389240 3.674958 -5.823535
4.644905 3.172739 -6.000679
4.944805 2.656845 -6.031794
5.196800 2.118435 -5.907553
5.403455 1.697687 -5.867602
5.718273 1.270571 -5.997753
6.039798 0.929180 -5.938902
6.291115 0.654713 -5.812185
6.467275 0.467987 -5.735279
6.676139 0.209674 -5.623044
6.796130 0.043974 -5.274364
6.839554 -0.127191 -4.991987
6.913970 -0.309097 -4.877315
7.034891 -0.446018 -4.798246
7.130491 -0.532144 -4.673959
7.208228 -0.578771 -4.625023
7.265580 -0.613626 -4.607159
7.294359 -0.681601 -4.513299
7.308660 -0.733082 -4.465521
7.332375 -0.773048 -4.401000
7.369849 -0.785347 -4.315635
7.378100 -0.731390 -4.231858
7.373100 -0.754210 -4.173290
7.352977 -0.877411 -4.126394
7.325110 -0.961481 -4.099483
7.299219 -0.961853 -4.013237
7.259739 -0.907834 -3.778753
7.147021 -0.847942 -3.472003
7.005505 -0.759521 -3.259859
6.853846 -0.606728 -2.988599
6.791917 -0.493252 -2.630275
6.742205 -0.438304 -2.325082
6.610590 -0.340767 -2.018088
6.434728 -0.216358 -1.627747
6.241230 0.003479 -1.139293
6.079055 0.254768 -0.486399
5.859748 0.550109 0.361352
5.516888 1.019819 1.243517
5.140820 1.586683 2.188861
4.693263 2.261446 3.348894
4.379725 2.840166 4.536007
4.152677 3.364302 5.542632
3.799512 3.843824 6.391986
3.398326 4.219490 7.257290
3.026422 4.495314 7.916609
2.670324 4.729173 8.329204
2.238350 4.979236 8.496182
1.884881 5.252440 8.494993
1.620508 5.495565 8.365712
1.326504 5.702069 8.127793
1.104356 5.841437 7.825745
0.913010 6.029172 7.383023
0.680944 6.298393 6.798186
0.545102 6.454051 6.258020
0.458770 6.552632 5.731300
0.418346 6.602893 5.267153
0.438805 6.562734 4.929704
0.518589 6.543025 4.604049
0.576030 6.613355 4.176356
0.642744 6.687322 3.867075
0.674216 6.789187 3.854070
0.670113 6.818617 3.817061
0.617207 6.734815 3.643886
0.607993 6.587957 3.434715
0.715025 6.457539 3.253458
0.871519 6.413828 3.034490
1.058775 6.348646 2.863525
1.298899 6.233801 2.536255
1.668482 6.054465 1.975508
2.155386 5.747874 1.082218
2.626673 5.359819 -0.062333
3.147860 4.854285 -1.261035
3.797782 4.312191 -2.245414
4.398684 3.840877 -3.097356
4.769473 3.424101 -3.822917
5.056217 2.893963 -4.369582
5.238251 2.356899 -4.763962
5.355804 1.752231 -5.120231
5.521009 1.143341 -5.249103
5.765083 0.598108 -5.231945
6.023788 0.155984 -5.131117
6.205719 -0.244031 -5.004696
6.292701 -0.633762 -4.986565
6.305761 -0.963578 -4.892973
6.283748 -1.183198 -4.577338
6.318686 -1.385531 -4.236079
6.372455 -1.487263 -3.981670
6.447881 -1.529676 -3.790652
6.563991 -1.591428 -3.586114
6.706443 -1.651054 -3.438601
6.768162 -1.684037 -3.365718
6.782323 -1.688210 -3.274564
6.785841 -1.649692 -3.170606
6.783680 -1.569453 -3.127979
6.794938 -1.536620 -3.107442
6.740254 -1.448397 -3.001398
6.691705 -1.382124 -2.797248
6.593549 -1.316165 -2.583224
6.473262 -1.260639 -2.335867
6.273891 -1.075527 -1.798888
6.068090 -0.784749 -0.893292
5.773411 -0.424981 0.194458
5.338724 0.019823 1.667375
4.939444 0.718491 3.227716
4.625044 1.574014 4.565090
4.410422 2.168269 5.727128
4.201646 2.572472 6.486117
3.974305 2.823312 6.938112
3.648990 2.997363 7.259117
3.322185 3.154829 7.609325
2.904457 3.398745 7.956079
2.541173 3.506785 8.147698
2.219930 3.662159 8.441678
1.972283 3.868119 8.954349
1.716754 4.032928 9.470011
1.550314 4.106961 9.901951
1.471565 4.163902 10.199325
1.458087 4.242249 10.376499
1.554199 4.305942 10.426671
1.672466 4.433991 10.259062
1.797588 4.532525 9.926510
1.937560 4.544299 9.599335
2.096960 4.476856 9.224348
2.226799 4.453629 8.862732
2.485337 4.382934 8.614080
2.845790 4.421630 8.404001
3.206718 4.525587 8.075759
3.466392 4.552260 7.602770
3.573442 4.449229 6.955169
3.619623 4.220581 6.208795
3.590360 4.135540 5.468919
3.466908 4.230190 4.846614
3.258208 4.478685 4.496142
3.097979 4.427490 3.897357
2.699163 4.484262 3.381437
2.196053 4.726040 3.410752
1.664328 5.107267 3.480980
1.221146 5.585991 3.608782
0.852630 6.041505 3.996058
0.479072 6.493576 4.121064
0.033782 6.996993 3.995700
-0.384213 7.273854 3.942123
-0.764406 7.359266 3.938871
-1.042413 7.310810 4.084575
-1.297767 7.092824 4.296861
-1.711815 6.907713 4.493587
-2.153836 6.578635 4.756421
-2.556993 6.218570 4.689423
-2.902672 5.983003 4.434003
-3.098457 5.872407 4.236322
-3.219165 5.754684 4.085260
-3.330639 5.584305 4.035218
-3.311500 5.503474 4.283232
-3.200799 5.481979 4.445736
-3.085967 5.327347 4.445267
-3.037402 5.218431 4.447133
-2.942773 5.098762 4.322035
-2.708664 4.908782 3.873747
-2.466943 4.734733 3.135560
-2.151232 4.452450 2.318296
-1.708987 4.128758 1.332279
-1.178752 3.776014 0.231650
-0.665930 3.430443 -0.899141
-0.163926 3.205736 -2.040451
0.397541 3.039343 -3.081004
0.915976 2.897713 -4.013770
1.177937 2.813547 -4.719318
1.353892 2.631394 -5.191827
1.443999 2.496029 -5.382902
1.550744 2.407964 -5.051363
1.625623 2.363470 -4.241350
1.669052 2.302984 -2.891243
1.625559 2.393102 -1.292450
1.501389 2.695445 0.211634
1.442656 3.086697 1.622716
1.408416 3.558931 2.982387
1.252576 4.134802 3.765736
1.106409 4.648880 4.249780
0.975258 5.237276 4.849821
0.874571 5.694956 5.163118
0.836101 6.049916 5.361873
0.811234 6.573498 5.572794
0.914754 7.065857 5.593234
0.993552 7.583128 5.348367
1.065066 8.080759 4.859071
1.205403 8.533283 4.255219
1.358308 8.901922 3.611449
1.628166 9.071563 2.690857
2.108712 9.152124 1.662055
2.757842 9.279900 0.718505
3.425210 9.355258 -0.427572
4.069259 9.331097 -1.668618
4.767131 9.026840 -2.910664
5.294210 8.258782 -4.654137
5.762352 7.308220 -6.353903
6.164260 6.372212 -7.700876
6.558711 5.423117 -8.879209
6.914327 4.685852 -9.888945
7.151220 4.059904 -10.838635
7.215252 3.488218 -11.498327
7.166390 2.834037 -11.999802
7.038572 2.272750 -12.386612
6.954647 1.870040 -12.445812
6.927562 1.551638 -11.985447
6.971753 1.266740 -11.260663
6.992442 1.127501 -10.631743
7.007975 0.951291 -10.020400
6.884088 0.808466 -9.506298
6.821588 0.658878 -9.099479
6.792527 0.599488 -8.761846
6.779138 0.540568 -8.470509
6.836924 0.446068 -7.899484
6.892884 0.464852 -7.202091
6.887395 0.534332 -6.714912
6.837273 0.483640 -6.367962
6.785830 0.370952 -6.236600
6.827992 0.372797 -6.204695
6.805792 0.498657 -6.000408
6.636729 0.593283 -5.484947
6.263781 0.890073 -4.389586
5.871849 1.295671 -2.894568
5.341352 1.877795 -1.028845
4.722752 2.730701 0.638740
4.260953 3.541325 1.835299
3.748663 4.418348 3.137713
3.392697 5.139497 4.461544
2.966914 5.847936 5.207621
2.481244 6.593265 6.090045
2.151628 7.147646 7.253992
1.814974 7.572645 7.949125
1.506989 8.030060 8.508852
1.194433 8.448624 8.969448
1.062920 8.600218 9.320817
0.946419 8.719596 9.509748
0.792350 8.950302 9.630663
0.638898 9.204116 9.725476
0.680192 9.280596 9.700658
0.748025 9.327757 9.632955
0.773796 9.416141 9.541052
0.780136 9.434131 9.330734
0.787118 9.378143 9.086135
0.859696 9.375719 8.882418
1.031856 9.418826 8.614500
1.169155 9.468622 8.330727
1.256005 9.447949 8.049040
1.300772 9.372755 7.839978
1.331995 9.227399 7.522558
1.388948 8.989640 7.181932
1.527912 8.771132 6.725293
1.839404 8.550493 5.980647
2.125864 8.275253 4.898331
2.453189 7.857101 3.411775
2.669313 7.348527 1.579373
2.792311 6.611194 -0.335869
3.070368 5.780462 -1.926771
3.516243 4.878037 -3.319235
3.867697 4.173350 -4.543161
4.281386 3.436721 -5.572659
4.736237 2.718740 -6.354710
5.080615 2.011963 -7.133716
5.300001 1.402206 -7.758661
5.443175 0.868533 -8.376634
5.634270 0.475596 -8.868836
5.886437 0.182555 -9.182641
6.179163 -0.021849 -9.237292
6.426822 -0.159402 -9.257342
6.611036 -0.251647 -9.306525
6.666779 -0.274506 -9.287042
6.768288 -0.404621 -9.203445
6.832811 -0.466784 -9.038025
6.888072 -0.534023 -8.988411
6.931787 -0.613922 -8.967315
6.951722 -0.596076 -8.824692
6.950813 -0.536407 -8.665785
6.906896 -0.502718 -8.568766
6.802522 -0.367197 -8.352723
6.735200 -0.330859 -8.093416
6.637065 -0.264422 -7.798178
6.478123 -0.165109 -7.588268
6.278270 -0.041176 -7.537653
5.995566 0.191498 -7.816810
5.678446 0.471306 -8.753670
5.166024 0.907052 -9.881105
4.526522 1.261568 -10.607200
3.851951 1.612438 -10.385417
3.165827 2.177617 -8.954332
2.681678 3.006205 -6.319527
2.117011 4.088099 -3.166092
1.555728 4.983398 -0.683833
1.083878 5.684822 1.386733
0.709316 6.127027 3.315620
0.375428 6.452275 4.655033
0.097665 6.748875 5.651467
-0.046413 6.936637 6.403382
-0.172081 7.027737 6.764671
-0.163588 7.064706 6.928470
0.008705 7.026292 6.870901
0.197199 6.946880 6.678500
0.425221 6.924708 6.339844
0.674993 6.919707 5.818683
0.937049 6.885448 5.180874
1.307022 6.886382 4.274144
1.686140 6.808297 3.082614
2.081526 6.665610 1.321089
2.444746 6.334517 -1.130198
2.740724 5.748115 -3.706917
3.032692 5.131226 -5.967716
3.312014 4.601925 -7.683150
3.525904 4.147291 -8.878375
3.670231 3.784195 -9.653057
3.771899 3.424260 -10.092052
3.784672 3.083097 -10.232175
3.842156 2.789050 -10.177960
3.887080 2.615538 -10.082178
3.917094 2.464179 -9.941194
3.988739 2.243558 -9.753610
4.078853 1.996259 -9.611379
4.112660 1.827394 -9.318898
4.245124 1.649515 -8.943084
4.411708 1.621173 -8.672525
4.498520 1.688740 -8.526256
4.513380 1.763059 -8.402015
4.575608 1.749060 -8.236322
4.787561 1.734682 -8.134413
4.914415 1.912963 -8.150317
4.874155 2.092322 -8.191664
4.696854 2.291585 -8.153860
4.539258 2.374619 -8.153325
4.442507 2.431475 -8.112277
4.426817 2.410954 -7.973119
4.403386 2.542479 -7.673091
4.447803 2.634662 -7.344176
4.424415 2.671680 -7.132197
4.320791 2.769603 -6.847043
4.194128 2.886083 -6.409404
4.086820 3.020756 -5.751828
3.957092 3.229944 -4.777537
3.610261 3.646202 -3.696253
3.160423 3.990730 -2.692783
2.606389 4.435544 -1.530695
2.155647 4.911206 -0.247136
1.856997 5.303935 0.524290
1.643614 5.601407 0.944247
1.443777 5.971769 1.572397
1.418251 6.187296 2.483785
1.369785 6.398360 3.137625
1.430687 6.535300 3.622980
1.662412 6.600688 4.019892
2.025603 6.640475 4.089424
2.400646 6.799108 3.947834
2.770156 7.023242 3.645024
3.106516 7.233938 3.329880
3.331521 7.387769 2.869062
3.451223 7.434920 1.942993
3.562912 7.288550 0.218701
3.507630 7.141807 -1.898701
3.353215 6.779127 -4.040920
3.282219 6.166386 -6.085481
3.280638 5.480270 -7.942436
3.284646 4.797892 -9.332980
3.198579 4.224651 -9.987623
3.147282 3.612761 -10.204017
3.086644 3.107107 -10.269655
3.142365 2.737624 -10.303423
3.348345 2.428963 -10.104110
3.483660 2.082084 -9.849908
3.691078 1.770665 -9.526175
3.995089 1.344224 -9.059863
4.195994 0.900308 -8.547037
4.472390 0.291956 -8.085159
4.737611 -0.184299 -7.566161
5.050180 -0.603115 -7.076797
5.263778 -0.816871 -6.759877
5.456257 -0.928983 -6.603991
5.647289 -1.048919 -6.383001
5.692300 -1.185535 -6.282959
5.777656 -1.253224 -6.261385
5.928319 -1.227577 -6.123129
6.052289 -1.191615 -6.065862
6.120610 -1.148048 -6.049334
6.168331 -1.137207 -6.024589
6.252983 -1.146296 -5.940133
6.312223 -1.095568 -5.801031
6.299910 -1.013051 -5.633686
6.263154 -0.872659 -5.453404
6.224000 -0.724384 -5.156613
6.209947 -0.488107 -4.785391
6.227423 -0.241966 -4.550504
6.273394 -0.046043 -4.247567
6.288654 0.067857 -3.722841
6.246936 0.230006 -3.308941
6.080423 0.557424 -2.817380
5.920592 0.827848 -1.839391
5.761297 1.073901 -0.238314
5.455354 1.578654 1.844898
4.976920 2.032169 3.854700
4.309139 2.247957 5.521743
3.447880 2.365806 7.014590
2.585897 2.218531 8.160767
1.870172 2.087939 8.760065
1.386932 2.101682 8.958501
1.444251 2.162667 9.128534
2.126116 2.436896 9.007552
3.600998 3.074798 8.617901
5.639828 3.929946 8.359742
7.796422 4.803226 8.120001
9.275969 5.474063 7.838867
10.003148 5.714172 7.656831
10.024624 5.643543 7.532433
9.497622 5.359780 7.434936
8.682591 4.859303 7.237174
7.765189 4.284425 6.896172
7.028640 3.754875 6.115258
6.532165 3.301927 5.012485
6.332371 2.829474 3.843686
6.501404 2.512360 2.611980
6.886800 2.265309 1.049220
7.514867 1.815000 -0.617534
8.182653 1.337864 -2.473396
8.880033 0.843820 -4.631782
9.634152 0.274180 -6.554352
10.494444 -0.300299 -8.276877
11.406869 -0.751288 -9.939676
12.243028 -1.092626 -11.134887
12.952236 -1.354637 -11.995398
13.602465 -1.486491 -12.853260
14.141497 -1.581632 -13.610017
14.548307 -1.900682 -14.340370
14.769336 -2.038294 -14.733494
15.040711 -2.354488 -15.205758
15.238460 -2.562263 -15.436497
15.472826 -2.945952 -15.737301
15.603451 -3.428058 -15.874993
15.751224 -3.907481 -15.841574
15.911918 -4.353955 -15.712526
16.092988 -4.712976 -15.403033
16.272270 -4.990461 -15.042868
16.404244 -5.286570 -14.558700
16.502782 -5.672239 -14.206819
16.563055 -6.154127 -14.047812
16.704142 -6.541130 -14.043950
16.908188 -6.679676 -13.979699
17.146315 -6.805974 -13.960116
17.471605 -7.098834 -14.119358
17.755202 -7.369977 -14.359104
17.835410 -7.685554 -14.338556
17.744495 -7.958048 -14.365200
17.613248 -8.097180 -14.508112
17.508382 -8.267007 -14.412571
17.336992 -8.419653 -14.212387
17.052448 -8.541431 -13.985249
16.692278 -8.527761 -13.774153
16.398190 -8.446629 -13.698665
16.139939 -8.267059 -13.838487
15.885987 -8.127400 -13.865448
15.660274 -8.037986 -13.963178
15.316818 -7.883604 -14.231078
15.062099 -7.842413 -14.719568
14.809206 -7.702488 -15.249403
14.636107 -7.575185 -15.667204
14.388081 -7.456601 -15.756856
13.967809 -7.226214 -15.766129
13.438082 -6.933680 -15.633188
12.853607 -6.753490 -15.390309
12.271083 -6.591039 -15.341902
11.761185 -6.302184 -15.297450
11.191906 -6.090291 -15.271372
10.663939 -5.864360 -15.381807
10.146228 -5.531680 -15.390228
9.658808 -5.171745 -15.047387
9.009080 -4.787750 -14.304848
8.272732 -4.411128 -13.482573
7.516116 -4.037803 -12.628398
6.863467 -3.598568 -11.733234
6.263380 -2.992109 -11.116677
5.731309 -2.562237 -10.282788
5.230176 -2.225420 -8.985513
4.707874 -1.950641 -7.616301
4.195201 -1.826409 -6.003103
3.506115 -1.390079 -4.695838
2.705629 -0.854831 -3.541985
1.992499 -0.356143 -2.423648
1.555438 0.204348 -1.545297
1.135854 0.866975 -0.895665
0.667075 1.659052 -0.264509
0.294678 2.332728 0.242874
-0.050333 3.030831 0.889129
-0.628608 3.697532 1.242557
-1.231291 4.154539 1.766488
-1.781430 4.599448 2.466527
-2.240713 4.942055 2.852061
-2.607566 5.415591 3.334521
-2.858487 5.696405 3.662990
-3.068986 6.003161 4.022755
-3.325976 6.221755 4.359890
-3.572134 6.295976 4.403100
-3.708839 6.399131 4.583140
-3.884054 6.521520 4.850028
-3.999379 6.512601 5.059977
-3.932434 6.544157 4.930381
-3.524629 6.389761 4.325411
-2.822333 5.978202 3.428124
-1.972118 5.505840 1.826049
-1.063241 5.042320 -0.375858
-0.096668 4.607675 -2.068156
0.809826 4.002160 -3.414290
1.605650 3.398107 -4.903203
2.427443 2.893236 -5.994752
3.005408 2.460819 -6.868461
3.628150 1.904918 -7.796184
4.163174 1.513681 -8.713178
4.635910 1.205089 -9.452819
5.082694 0.921692 -10.034562
5.411745 0.740206 -10.711886
5.655974 0.634097 -11.168833
5.940821 0.441259 -11.389295
6.318656 0.270857 -11.702508
6.688182 0.193080 -11.995768
7.026472 0.132597 -12.077514
7.256824 0.064357 -12.296779
7.378901 -0.018564 -12.548011
7.471311 -0.166554 -12.525927
7.534362 -0.360762 -12.375647
7.443984 -0.380588 -12.462542
7.279474 -0.495831 -12.597003
7.030169 -0.700155 -12.643039
6.795941 -0.856369 -12.832803
6.727013 -0.971715 -13.089956
6.841158 -1.167606 -13.208553
7.056222 -1.270148 -13.320031
7.452978 -1.290690 -13.533194
7.812577 -1.224490 -13.553158
8.023062 -1.238082 -13.333545
8.099206 -1.464413 -13.116573
7.987177 -1.580489 -12.922798
7.645943 -1.602839 -12.950910
7.294102 -1.711785 -13.214304
7.035582 -1.736742 -13.575616
6.856047 -1.693785 -13.817679
6.755896 -1.676618 -13.789956
6.670950 -1.680395 -13.767682
6.625207 -1.708373 -13.810310
6.599349 -1.774930 -13.705978
6.532839 -1.887479 -13.485914
6.442589 -2.003184 -13.153025
6.425181 -2.100955 -12.711402
6.421003 -2.178774 -12.270245
6.429005 -2.291439 -11.830046
6.411351 -2.335774 -11.404374
6.395500 -2.431563 -11.022065
6.335581 -2.524693 -10.694088
6.259997 -2.574813 -10.083849
6.147069 -2.564824 -9.629656
6.094803 -2.538954 -9.270514
6.086507 -2.446833 -8.907218
6.126937 -2.453976 -8.728911
6.173237 -2.444292 -8.654533
6.152030 -2.351985 -8.574765
6.126874 -2.251825 -8.587310
6.111371 -2.143790 -8.586899
6.106638 -2.106823 -8.562229
6.014083 -2.019428 -8.566588
5.927717 -1.940978 -8.575729
5.874026 -1.886969 -8.591059
5.815689 -1.801601 -8.527883
5.766713 -1.765453 -8.443629
5.747339 -1.749298 -8.400568
5.709312 -1.721720 -8.309207
5.725144 -1.731918 -8.236880
5.749356 -1.655009 -8.175023
5.739503 -1.569869 -8.067353
5.746500 -1.604603 -7.957952
5.773820 -1.643303 -7.845033
5.777988 -1.624420 -7.778094
5.763363 -1.630454 -7.793788
5.763653 -1.659389 -7.803028
5.759212 -1.619193 -7.889295
5.775333 -1.608701 -8.069067
5.724477 -1.585192 -8.436408
5.678606 -1.528924 -9.059659
5.589221 -1.463867 -9.750518
5.403597 -1.358531 -10.211610
5.353051 -1.375357 -10.625393
5.323096 -1.237544 -11.017430
5.292337 -1.116373 -11.429995
5.173828 -0.993321 -11.604185
5.015355 -0.831809 -11.376570
4.802128 -0.622223 -10.511176
4.360766 -0.228853 -8.674473
3.532317 0.356137 -6.528550
2.517781 1.065797 -4.211943
1.716702 1.844983 -2.050774
1.007378 2.819822 -0.206713
0.499471 3.722905 1.538736
0.110812 4.366074 2.866352
-0.335859 5.100877 3.601591
-0.793115 5.765516 4.223781
-1.220993 6.325716 4.401080
-1.367910 6.863066 4.509890
-1.636130 7.577802 4.701899
-1.677650 7.941508 4.847409
-1.706199 8.505989 4.928083
-1.567994 9.116338 5.007426
-1.440869 9.668975 5.159282
-1.210985 9.929981 5.296706
-0.986892 10.128915 5.389665
-0.741350 10.273618 5.343656
-0.604267 10.397017 5.153128
-0.548273 10.485642 4.917698
-0.506345 10.597000 4.591420
-0.400223 10.714589 4.457766
-0.303419 10.845123 4.627251
-0.203141 10.991238 4.906394
-0.001099 11.050113 5.232851
0.118229 11.068047 5.536808
0.148769 10.994870 5.810017
0.214455 10.908545 6.102223
0.388908 10.835053 6.408930
0.551785 10.613511 6.512940
0.743828 10.369581 6.615950
0.907219 10.210514 6.802579
0.989509 10.058766 6.925819
1.078134 9.956666 7.115739
1.203762 9.900961 7.264335
1.312927 9.833997 7.319209
1.318534 9.643548 7.366440
1.271040 9.426244 7.326556
1.398652 9.171761 7.204842
1.569189 9.026874 6.961153
1.825469 8.869535 6.824418
2.059035 8.788543 6.726591
2.193144 8.766058 6.570387
2.344158 8.629648 6.442787
2.450117 8.514263 6.318012
2.621419 8.269981 6.082630
2.879864 7.974960 5.802189
3.040482 7.843005 5.392772
3.240354 7.742286 4.994569
3.384380 7.640926 4.655374
3.445729 7.596993 4.499540
3.442033 7.469880 4.515746
3.374004 7.302241 4.395594
3.203665 7.148985 3.997756
3.138857 6.719307 3.194168
3.069540 6.237171 2.163603
2.948102 5.713881 0.945560
3.015790 5.106057 -0.183610
3.207361 4.584679 -1.071786
3.191560 4.039612 -1.914031
3.041131 3.452727 -2.533111
3.005289 2.795844 -2.936452
3.063965 2.260773 -3.224286
3.153987 1.935072 -3.455722
3.274953 1.633335 -3.725654
3.448494 1.388706 -3.836731
3.594021 1.210789 -3.805206
3.716575 1.002672 -3.843199
3.924409 0.769063 -3.853266
4.120849 0.605863 -3.785245
4.257945 0.410004 -3.748457
4.429398 0.148532 -3.754217
4.596260 -0.048164 -3.765991
4.805209 -0.182321 -3.892090
5.015413 -0.227031 -4.221190
5.137417 -0.242754 -4.867888
5.185228 -0.202373 -5.847440
5.187311 -0.053582 -7.034935
5.297735 -0.014160 -8.573268
5.289672 0.098119 -10.063269
5.317718 0.099516 -11.329581
5.290634 0.038755 -12.331300
5.340924 -0.046322 -13.141768
5.393029 -0.020281 -13.752602
5.531014 -0.133029 -14.151708
5.595996 -0.094281 -14.380020
5.731843 -0.110201 -14.402406
5.829216 -0.102926 -14.202680
5.873312 -0.117479 -13.804784
5.899638 -0.169062 -13.376415
5.961262 -0.209229 -12.943017
6.037488 -0.205394 -12.549413
6.094363 -0.221241 -12.284437
6.159755 -0.265433 -12.013501
6.211982 -0.309720 -11.750934
6.296500 -0.345954 -11.542612
6.332154 -0.321118 -11.357454
6.342695 -0.345498 -11.141412
6.372558 -0.317532 -10.884180
6.383802 -0.246066 -10.589914
6.309232 -0.231420 -10.337623
6.263508 -0.275001 -10.048661
6.197772 -0.182251 -9.610887
6.109122 -0.099913 -9.220607
5.939688 0.021478 -8.834160
5.740391 0.159743 -8.087376
5.419427 0.365442 -6.938949
5.002428 0.717653 -5.271913
4.568003 1.126487 -3.397267
4.082854 1.524588 -1.725620
3.533198 2.082151 0.294748
3.103387 2.657147 2.464676
2.814898 3.367655 4.342984
2.769774 3.870229 5.523473
2.729060 4.285454 6.282655
2.636744 4.680534 7.010733
2.599005 4.907354 7.389257
2.607473 5.103326 7.560338
2.593580 5.234414 7.648858
2.577648 5.297532 7.654881
2.574079 5.408738 7.730843
2.514326 5.523430 7.799106
2.385220 5.652611 7.780786
2.307482 5.732288 7.761336
2.277566 5.787475 7.709493
2.263958 5.870939 7.580071
2.257869 5.985697 7.483971
2.363740 5.962190 7.389310
2.467037 5.947957 7.137300
2.563429 5.881761 6.812363
2.633688 5.738666 6.448168
2.740803 5.572113 5.849526
2.863268 5.516840 5.057751
2.919667 5.412463 3.874017
2.968833 5.071612 2.219866
2.977594 4.686785 0.386626
3.074046 4.254661 -1.373328
3.238548 3.863470 -3.061149
3.460116 3.396463 -4.768873
3.710686 2.918057 -6.336160
3.933561 2.360017 -7.782655
4.129833 1.812608 -9.161264
4.364897 1.364918 -10.582355
4.697101 1.020359 -11.798184
5.033978 0.657154 -12.869983
5.276808 0.382135 -13.733101
5.439443 0.084629 -14.484652
5.525781 -0.196902 -15.042851
5.652736 -0.431019 -15.250640
5.871455 -0.753864 -15.378797
5.969406 -0.995789 -15.425098
6.128147 -1.243997 -15.300183
6.335423 -1.466282 -15.067503
6.552125 -1.620799 -14.794203
6.741109 -1.813745 -14.419752
6.872108 -2.049103 -13.902584
6.935846 -2.243148 -13.488433
7.012512 -2.442176 -13.185325
7.099375 -2.571857 -12.900167
7.155241 -2.632352 -12.625458
7.212975 -2.757410 -12.182245
7.231904 -2.842877 -11.790999
7.211983 -2.819094 -11.469229
7.177304 -2.799366 -11.162502
7.131554 -2.901536 -10.956361
7.022758 -2.879887 -10.673133
6.974274 -2.852175 -10.376772
6.969751 -2.792737 -10.280367
6.982042 -2.671815 -10.152785
6.995856 -2.652593 -10.014007
6.967003 -2.683883 -9.915643
6.884100 -2.697766 -9.791014
6.811736 -2.700073 -9.669118
6.770036 -2.678403 -9.558640
6.727296 -2.600173 -9.455316
6.710599 -2.572951 -9.230957
6.660866 -2.466410 -9.023364
6.678128 -2.350661 -8.809897
6.645515 -2.345652 -8.657771
6.570216 -2.336874 -8.598130
6.563719 -2.264856 -8.611860
6.595966 -2.191406 -8.627243
6.647178 -2.101186 -8.645039
6.693683 -1.965901 -8.694845
6.760429 -1.919089 -8.643869
6.780337 -1.918624 -8.524313
6.771932 -1.906919 -8.437350
6.743145 -1.800414 -8.230687
6.741309 -1.713721 -7.786061
6.693116 -1.506694 -6.905909
6.449691 -1.145999 -5.532909
6.039525 -0.646636 -3.607947
5.547224 -0.188664 -1.595118
5.014538 0.385460 0.249851
4.706841 0.998323 1.582240
4.500678 1.423408 2.587102
4.279313 1.732867 3.524151
3.967838 2.168549 3.984988
3.694919 2.555390 4.344144
3.434948 2.829605 4.904972
3.275937 2.989091 5.376357
3.120216 3.221881 5.583931
2.925660 3.484948 5.892677
2.786316 3.627680 6.363118
2.699907 3.740028 6.743720
2.661723 3.824507 7.030921
2.592749 3.941623 7.306423
2.637889 3.949539 7.424416
2.724332 3.941003 7.465812
2.796878 3.948359 7.529796
2.894254 3.984113 7.597510
3.024999 3.979360 7.702457
3.122116 3.934355 7.906349
3.169457 3.940184 8.246721
3.197316 3.937311 8.620042
3.248436 3.905177 8.891065
3.352042 3.870410 9.127089
3.449638 3.758509 9.214272
3.580836 3.622716 9.241230
3.684564 3.585956 9.067510
3.767472 3.491439 8.348477
3.835442 3.387885 7.347525
3.937114 3.341431 6.610548
4.056299 3.294626 6.196164
4.153662 3.266820 6.093372
4.209795 3.288100 6.112903
4.191138 3.401483 6.113605
4.204169 3.391443 6.075148
4.238937 3.332764 5.768652
4.283491 3.335319 5.059526
4.335888 3.346774 3.956125
4.394546 3.302953 2.774765
4.474837 3.268910 1.972696
4.522132 3.189313 1.531757
4.561389 3.059069 1.253789
4.512092 3.064570 1.023389
4.447925 3.127922 0.957240
4.407130 3.142932 1.118838
4.400569 3.122294 1.201917
4.327676 3.091798 1.364543
4.287911 2.957443 1.589876
4.365366 2.881404 1.615767
4.537046 2.890665 1.615915
4.728662 2.934594 1.805393
4.956284 2.917257 2.083362
5.211866 2.929174 2.081749
5.431886 2.940960 1.996786
5.588574 2.896704 2.017608
5.620536 2.805869 2.127933
5.582196 2.656371 2.137146
5.544195 2.491805 2.046454
5.525159 2.322691 1.733172
5.505949 2.225626 1.358573
5.535559 2.147848 0.829110
5.607296 2.112441 -0.189502
5.712961 2.012457 -1.701195
5.707172 1.703583 -3.538432
5.528192 1.248014 -5.148542
5.356617 0.797684 -6.328499
5.401652 0.361207 -7.163556
5.488122 0.071530 -7.858122
5.530190 -0.113337 -8.398108
5.502189 -0.286849 -8.699665
5.446431 -0.448235 -8.677878
5.486752 -0.613931 -8.725713
5.538697 -0.631213 -8.737710
5.550525 -0.727868 -8.569788
5.540078 -0.869180 -8.303765
5.533683 -0.899235 -7.827566
5.496968 -0.924485 -7.120152
5.470861 -0.947778 -6.433296
5.443143 -0.840477 -5.687978
5.527861 -0.850796 -5.035981
5.572952 -0.908175 -4.564104
5.598921 -0.955383 -4.355709
5.614506 -0.864703 -4.608087
5.654580 -0.666109 -5.169777
5.661499 -0.435613 -5.978448
5.559007 -0.119469 -6.905088
5.352442 0.162908 -7.873083
5.104855 0.372414 -8.522699
4.865453 0.563246 -8.660329
4.708034 0.723689 -8.246883
4.516105 0.884728 -7.218394
4.184359 1.044023 -5.698093
3.788407 1.208271 -3.678605
3.558695 1.076136 -1.429374
3.528669 0.677949 0.676661
3.464878 0.342513 2.282678
3.515228 -0.142990 3.303592
3.714836 -0.536598 3.467488
3.982915 -0.732759 3.227871
4.214489 -0.922844 2.818968
4.453625 -1.040959 2.378583
4.659100 -0.970772 1.797882
4.837619 -0.808668 1.278392
5.006738 -0.655713 0.781104
5.124970 -0.487684 0.258238
5.142284 -0.266950 -0.262427
5.086930 -0.110294 -0.892915
4.925835 0.077501 -1.593486
4.882738 0.084730 -2.255701
4.945313 0.038510 -3.057800
5.057404 0.022157 -4.100640
5.069227 -0.051746 -5.458452
4.986424 -0.154783 -6.789522
4.925275 -0.303436 -8.199171
4.934730 -0.487077 -9.555802
4.943367 -0.747095 -10.819862
4.810576 -0.844054 -11.794851
4.714690 -0.969198 -12.396592
4.650825 -1.104565 -12.923712
4.576095 -1.135142 -13.336331
4.492454 -1.114718 -13.359681
4.390476 -1.155291 -13.130100
4.244199 -1.211801 -12.976192
4.097667 -1.192950 -12.659574
3.925382 -1.182342 -12.110461
3.742250 -1.033621 -11.015602
3.555082 -0.824413 -9.355518
3.301301 -0.416763 -7.620570
2.964512 0.039124 -6.159559
2.566625 0.422416 -4.649506
2.097391 0.734761 -3.184554
1.653745 0.980105 -2.111083
1.245045 1.303480 -1.145720
0.893011 1.595391 -0.299473
0.507838 2.014151 0.691889
0.057054 2.286071 1.085063
-0.383328 2.390452 1.033058
-0.695896 2.497559 1.260508
-0.943522 2.603733 1.531122
-1.229622 2.816356 1.713788
-1.711022 3.201999 2.077955
-2.050237 3.242557 2.028369
-2.326344 3.360352 1.794700
-2.415333 3.474338 1.686924
-2.396959 3.609641 1.612754
-2.212516 3.672605 1.544615
-1.940323 3.871431 1.737075
-1.694705 4.130812 1.896946
-1.399139 4.379762 1.852890
-1.034757 4.673524 1.843193
-0.647356 4.930004 1.910637
-0.231348 5.068254 1.974008
0.119994 5.238285 2.074893
0.513792 5.323909 2.027226
0.912376 5.400150 1.922881
1.403395 5.509539 1.946515
1.769282 5.638609 1.721618
2.124492 5.697299 1.401942
2.633493 5.704848 1.279606
3.144163 5.958719 1.342244
3.646392 6.140476 1.328746
4.087345 6.232972 1.349886
4.489970 6.326956 1.370274
4.919208 6.347531 1.109578
5.372809 6.234047 0.706895
5.691962 6.128526 0.248822
5.995251 5.845889 -0.412176
6.260231 5.548986 -1.419818
6.501897 5.195493 -2.809363
6.581378 4.709787 -4.540949
6.591093 4.075104 -6.287690
6.600955 3.414705 -7.620481
6.475734 2.815536 -8.674283
6.409576 2.227368 -9.442702
6.349454 1.840055 -9.877856
6.366412 1.507826 -10.050467
6.419148 1.145717 -10.010403
6.407435 0.869091 -10.055878
6.314376 0.751918 -9.918843
6.285751 0.656868 -9.421397
6.216794 0.698436 -9.132785
6.143601 0.735341 -8.953625
6.041425 0.715861 -8.654039
5.956498 0.686437 -8.372871
5.958167 0.697936 -8.060580
6.007153 0.672034 -7.780431
6.025188 0.627340 -7.552083
5.953006 0.622700 -7.317054
5.955798 0.504441 -7.184357
6.029844 0.458430 -7.161703
6.089962 0.502213 -7.079851
6.085021 0.475847 -6.949069
6.017238 0.455672 -6.877689
5.975896 0.470565 -6.828860
5.982128 0.465372 -6.740958
6.017870 0.466829 -6.635364
6.051403 0.513720 -6.524617
6.039459 0.609008 -6.219500
5.997116 0.765393 -5.611127
5.881155 1.110149 -4.511604
5.736944 1.661131 -3.128241
5.550634 2.326965 -1.815380
5.330000 2.932585 -0.806343
5.134085 3.531571 0.271995
4.929776 3.971055 1.118800
4.652258 4.253434 1.814406
4.276833 4.537959 2.404243
4.006143 4.715456 2.723635
3.726146 4.875733 2.876245
3.466118 5.039930 2.867333
3.257805 5.128282 2.521061
3.079447 5.156843 1.996406
2.897936 5.149500 1.487281
2.781606 5.174990 1.247869
2.738161 5.259702 1.267359
2.770631 5.228907 1.314717
2.837520 5.243283 1.323572
2.867354 5.317346 1.421569
2.930036 5.378411 1.724960
3.055684 5.447773 1.996949
3.203688 5.553888 2.107023
3.319883 5.576606 2.128489
3.363781 5.550781 2.016038
3.380203 5.517044 1.856931
3.377149 5.482083 1.579716
3.463900 5.469178 1.358851
3.719531 5.440579 1.293650
3.926216 5.435596 1.268030
3.939889 5.506138 1.109578
3.967541 5.519743 0.685032
4.065313 5.523052 0.141016
4.329706 5.343835 -0.681373
4.599006 5.081260 -1.785749
4.833586 4.710439 -3.005146
4.917454 4.290940 -4.170184
5.014171 3.844921 -5.165729
5.060911 3.459507 -5.983792
5.096307 3.073729 -6.788901
5.136134 2.706359 -7.378148
5.159047 2.516280 -7.731928
5.130837 2.420830 -8.097770
5.106095 2.332256 -8.393576
5.093847 2.234620 -8.599728
5.043942 2.140557 -8.616933
5.021913 2.004450 -8.556803
4.991777 1.938374 -8.548328
4.945408 1.926791 -8.503635
4.934746 1.865620 -8.333302
4.987764 1.779879 -8.170814
5.014403 1.764040 -8.033431
4.997178 1.687766 -7.971076
4.926144 1.635927 -7.918432
4.913534 1.640193 -7.865103
4.965274 1.679973 -7.847902
5.037704 1.681053 -7.834105
5.016740 1.675903 -7.788648
4.998653 1.612682 -7.714106
5.016173 1.567120 -7.648871
5.090803 1.565521 -7.562799
5.129597 1.566806 -7.473655
5.129048 1.529249 -7.473911
5.120060 1.533068 -7.437379
5.133028 1.576839 -7.360094
5.159352 1.577125 -7.238350
5.185064 1.597625 -7.135439
5.172517 1.663226 -7.072874
5.140272 1.695554 -7.029455
5.070025 1.705277 -7.023929
5.017523 1.758706 -6.943983
5.000122 1.743817 -6.939560
4.984440 1.697683 -6.983328
5.015849 1.679039 -6.986133
5.074166 1.655979 -6.985866
5.139183 1.632561 -6.963709
5.197694 1.575359 -6.887112
5.219585 1.505001 -6.904905
5.219446 1.506441 -6.974321
5.265343 1.470914 -7.033378
5.286460 1.406388 -7.105903
5.287585 1.416070 -7.107548
5.317456 1.367020 -7.092288
5.346445 1.341528 -7.136675
5.389956 1.341714 -7.149222
5.379563 1.328574 -7.169492
5.344517 1.326012 -7.217307
5.316440 1.336135 -7.230682
5.304140 1.339949 -7.267090
5.323274 1.240357 -7.283330
5.300242 1.300609 -7.290651
5.309125 1.279040 -7.296586
5.350727 1.204319 -7.289765
5.361643 1.173473 -7.277737
5.386500 1.154461 -7.250206
5.414907 1.143950 -7.292841
5.449735 1.143625 -7.385361
5.445726 1.163769 -7.405816
5.438050 1.153247 -7.363124
5.474960 1.084511 -7.343825
5.530889 1.095284 -7.346409
5.522999 1.145582 -7.365383
5.471115 1.141658 -7.374531
5.458724 1.131833 -7.359296
5.500946 1.122992 -7.368133
5.485754 1.109094 -7.395996
5.454240 1.072323 -7.391118
5.440245 1.107168 -7.385620
5.463761 1.140619 -7.417321
5.449495 1.122228 -7.382555
5.426309 1.050583 -7.355793
5.434396 1.050531 -7.351398
5.490364 1.083555 -7.327075
5.531944 1.049558 -7.253093
5.503936 0.998613 -7.198191
5.485175 0.955733 -7.215502
5.523030 0.951732 -7.194854
5.603489 0.951406 -7.139715
5.644232 0.970490 -7.101795
5.700852 0.922251 -7.046721
5.757134 0.828853 -6.971380
5.815611 0.759299 -6.865565
5.827995 0.706341 -6.883930
5.809617 0.623509 -6.971100
5.832624 0.566485 -6.914692
5.874636 0.504460 -6.840958
5.903879 0.359610 -6.898588
5.928593 0.216433 -6.996282
6.033290 0.116050 -6.947754
6.129974 0.046201 -6.790960
6.230239 -0.051408 -6.694888
6.343047 -0.179225 -6.771819
6.480455 -0.277029 -6.747781
6.623456 -0.362752 -6.637799
6.845135 -0.564165 -6.528897
6.970146 -0.698506 -6.477577
7.057742 -0.767596 -6.300814
7.097335 -0.817343 -6.106406
7.071931 -0.751652 -5.928401
7.010770 -0.600711 -5.855825
6.893933 -0.443100 -5.820750
6.719484 -0.252612 -5.831822
6.557832 -0.123045 -5.838439
6.395975 0.040441 -5.809499
6.265916 0.179735 -5.828589
6.198278 0.238412 -5.899576
6.150721 0.257065 -5.895606
6.163375 0.165223 -5.933481
6.227623 0.060014 -5.949053
6.411433 -0.099618 -5.909942
6.631155 -0.270868 -5.891714
6.860483 -0.435285 -5.863063
7.048887 -0.528223 -5.814687
7.129288 -0.600988 -5.832873
7.141775 -0.641568 -5.840459
7.101268 -0.629242 -5.871308
7.045605 -0.603040 -5.893377
7.002134 -0.569360 -5.900107
6.929398 -0.482871 -5.924185
6.908898 -0.473639 -5.888950
6.893737 -0.470346 -5.858320
6.877113 -0.457074 -5.841752
6.814648 -0.411835 -5.844012
6.783018 -0.383804 -5.822578
6.779662 -0.390117 -5.818124
6.767107 -0.366678 -5.830836
6.748590 -0.332038 -5.817432
6.742025 -0.359829 -5.790291
6.778880 -0.389463 -5.784264
6.831785 -0.392453 -5.808665
6.838936 -0.394865 -5.820019
6.813311 -0.418059 -5.837707
6.778291 -0.399789 -5.835367
6.755112 -0.346575 -5.826920
6.687648 -0.292417 -5.821209
6.574440 -0.202479 -5.694334
6.330557 0.026997 -5.145307
6.071790 0.252301 -4.154774
5.746307 0.696213 -2.909649
5.436539 1.493218 -1.312211
5.289207 2.324653 0.365885
5.116710 3.136920 1.932001
4.872299 3.714341 3.131076
4.581919 4.292170 4.133112
4.350333 4.704893 4.868356
4.092689 5.036194 5.293819
3.875127 5.319231 5.617523
3.801208 5.482475 5.752517
3.637996 5.696672 5.708877
3.427564 5.810624 5.633174
3.272517 5.910956 5.617797
3.184828 6.044135 5.512768
3.211287 6.105814 5.374825
3.206175 6.204210 5.319441
3.205767 6.203190 5.289282
3.293526 6.081162 5.196866
3.444524 5.982494 5.046666
3.594389 5.836836 4.872327
3.737951 5.653575 4.729498
3.864284 5.509212 4.434330
3.997580 5.389904 4.003706
4.093070 5.284137 3.403636
4.170144 5.137064 2.726492
4.262058 4.975074 2.011699
4.399521 4.802393 1.187810
4.532695 4.658712 0.288531
4.606903 4.539776 -0.760702
4.671487 4.393669 -2.015316
4.669197 4.021602 -3.415381
4.618595 3.501697 -4.560034
4.564868 2.982772 -5.358761
4.647141 2.505287 -5.888104
4.708581 2.167296 -6.366308
4.706181 1.920047 -6.852749
4.807720 1.666589 -7.280052
4.979267 1.421386 -7.575022
5.150836 1.159049 -7.643057
5.288166 0.920505 -7.618400
5.435406 0.642952 -7.421098
5.634654 0.222937 -7.079288
5.729272 -0.059134 -6.623398
5.850685 -0.330764 -6.221085
6.025974 -0.555579 -5.864430
6.305574 -0.751121 -5.630030
6.543120 -0.878820 -5.437932
6.652776 -0.981023 -5.228928
6.685802 -1.070639 -5.038204
6.675929 -1.118464 -4.907525
6.659686 -1.123357 -4.895829
6.683454 -1.134845 -4.896976
6.733521 -1.136377 -4.880395
6.766927 -1.144037 -4.849269
6.783711 -1.184635 -4.790688
6.829000 -1.231088 -4.616045
6.807366 -1.224356 -4.569816
6.750754 -1.181679 -4.548451
6.729613 -1.160010 -4.485359
6.713918 -1.184065 -4.493099
6.733224 -1.197673 -4.531285
6.750928 -1.182393 -4.551188
6.775137 -1.218734 -4.535957
6.810303 -1.276956 -4.519839
6.887570 -1.280939 -4.531674
6.874272 -1.230578 -4.534334
6.814751 -1.233508 -4.496721
6.792887 -1.241717 -4.378052
6.752112 -1.117932 -4.093554
6.717439 -1.079632 -3.715356
6.574644 -0.952479 -3.012014
6.317739 -0.660944 -1.850987
6.065813 -0.269792 -0.557858
5.936719 0.137964 0.815234
5.905160 0.518106 1.985498
5.879414 0.837771 3.025043
5.740720 1.156013 3.748753
5.576695 1.462840 4.150379
5.339978 1.754331 4.449075
5.069268 1.981805 4.648854
4.894595 2.093787 4.780397
4.911236 2.087274 4.914847
4.940278 2.172974 4.928433
4.907011 2.274777 4.837314
4.905605 2.303727 4.803405
4.906821 2.348535 4.862888
4.887831 2.390718 4.899303
4.860860 2.417277 4.787394
4.858247 2.420742 4.775426
4.874072 2.418127 4.715062
4.921490 2.432670 4.543461
5.002129 2.406709 4.392626
5.075941 2.346137 4.313143
5.139902 2.307416 4.131012
5.226748 2.322369 3.856944
5.292872 2.373211 3.613145
5.361940 2.428763 3.377376
5.435932 2.444340 3.124188
5.533032 2.443071 2.857498
5.634994 2.418729 2.536591
5.749012 2.378286 2.122019
5.901713 2.278346 1.777054
6.048340 2.153130 1.280027
6.208909 1.948906 0.665122
6.299371 1.697882 -0.269619
6.221088 1.332144 -1.635309
6.048211 0.798562 -2.905325
5.818507 0.245213 -3.985307
5.700257 -0.207827 -4.834396
5.730485 -0.548966 -5.412628
5.779542 -0.780890 -5.980646
5.855656 -0.956618 -6.470565
5.902883 -1.090017 -6.867779
5.983946 -1.212820 -7.204754
6.078188 -1.281378 -7.326019
6.245226 -1.407509 -7.285348
6.383953 -1.432510 -7.204760
6.475192 -1.403529 -7.212445
6.554949 -1.412897 -7.212293
6.619440 -1.432827 -7.128496
6.664734 -1.436826 -6.994588
6.688367 -1.475805 -6.852766
6.667820 -1.480851 -6.726693
6.647861 -1.478035 -6.553306
6.619172 -1.418385 -6.320966
6.574639 -1.285321 -5.973035
6.461706 -1.089562 -5.296238
6.308658 -0.941199 -4.069677
6.159851 -0.640107 -2.185202
5.829261 -0.002442 -0.375920
5.534762 0.702854 1.132742
5.407900 1.179907 2.389885
5.358847 1.399030 3.309389
5.231057 1.639981 4.109392
5.050447 1.897404 4.678203
4.917678 2.111308 5.090609
4.801300 2.300784 5.549487
4.726113 2.492669 5.950662
4.688791 2.649570 6.148961
4.720998 2.715164 6.304150
4.785094 2.755382 6.409202
4.855697 2.857193 6.380011
4.928112 2.935149 6.366721
5.033032 2.885045 6.525523
5.102885 2.783388 6.564262
5.136817 2.706426 6.428380
5.142834 2.649407 6.370584
5.084067 2.614897 6.376574
5.058219 2.544982 6.277688
5.073754 2.512498 6.203116
5.082020 2.554163 6.170573
5.076735 2.612575 6.123904
5.086837 2.612658 6.067095
5.105693 2.628241 6.036474
5.099190 2.666626 5.915236
5.035718 2.649954 5.694037
4.991706 2.533376 5.458665
4.851307 2.647613 5.209427
4.673469 2.815262 4.909465
4.470661 2.822929 4.345679
4.187867 2.849634 3.643584
3.912357 2.787682 2.939811
3.710582 2.705668 2.467177
3.594556 2.790475 2.050750
3.672057 2.828226 1.754327
3.869423 2.818473 1.879585
4.199427 2.835291 2.410494
4.466385 3.074023 2.914447
4.745596 3.331113 3.364391
4.883280 3.629847 3.706075
4.940678 3.840348 4.072777
4.977441 3.987354 4.596770
4.981295 4.134409 4.875741
4.960743 4.337195 5.042311
4.973296 4.610965 5.382206
4.951605 4.822672 5.643673
4.885340 4.962319 5.687407
4.796775 5.025591 5.617569
4.735950 5.046285 5.562222
4.807646 5.079778 5.742637
4.910539 5.125781 5.939649
4.980696 5.196185 6.131513
5.032978 5.079270 6.282588
5.085055 4.939761 6.370716
5.100474 4.912597 6.388431
5.173854 4.872533 6.448497
5.224761 4.878713 6.552879
5.307262 4.900281 6.644730
5.283318 4.863422 6.630664
5.157054 4.732496 6.519039
5.093090 4.634394 6.435043
5.148241 4.681031 6.427513
5.290957 4.724458 6.470294
5.360076 4.694333 6.413786
5.397566 4.518206 6.363450
5.452257 4.427708 6.315313
5.548958 4.400140 6.250900
5.584272 4.348581 6.139482
5.606575 4.153031 6.104081
5.617120 4.040954 5.933225
5.673501 4.066294 5.715459
5.748857 4.196621 5.596430
5.764581 4.271748 5.600807
5.725134 4.229563 5.573779
5.657000 4.248965 5.484675
5.674206 4.278337 5.405864
5.786918 4.280049 5.351342
5.889495 4.265670 5.312754
5.892035 4.272376 5.181864
5.808705 4.254044 5.025770
5.759929 4.226212 4.955580
5.789407 4.234821 4.896633
5.903019 4.236222 4.858028
5.986582 4.296490 4.812936
6.008839 4.345954 4.654126
5.903229 4.327960 4.300158
5.772093 4.267505 3.901876
5.678108 4.184853 3.572958
5.631760 4.040976 3.291175
5.557494 3.868205 2.863837
5.123277 3.588614 2.231662
3.865461 2.888346 1.617673
1.980664 1.652193 0.726560
-0.332370 0.360604 -0.636274
-2.523341 -0.963275 -1.865402
-4.580698 -2.097524 -2.935897
-6.285059 -3.016769 -3.930781
-7.626664 -3.694348 -4.629618
-8.526910 -4.394357 -5.406928
-9.225030 -4.839839 -6.153078
-9.911666 -5.158503 -6.648210
-10.442369 -5.410507 -7.097105
-10.822773 -5.564777 -7.427184
-11.118297 -5.829920 -7.733323
-11.348380 -6.065694 -7.990893
-11.363455 -6.327184 -8.231399
-11.314253 -6.498839 -8.136334
-11.226935 -6.653022 -7.916255
-11.053365 -6.797629 -7.644461
-10.852878 -6.840454 -7.367563
-10.543787 -6.868668 -7.168450
-9.993354 -6.789630 -6.824565
-9.309544 -6.476781 -6.616369
-8.589708 -6.103166 -6.498525
-7.837078 -5.823171 -6.317747
-7.196878 -5.589754 -6.141739
-6.646005 -5.374333 -6.022391
-6.189368 -5.163550 -6.140443
-5.924817 -4.885402 -6.169441
-5.827878 -4.767593 -6.045953
-5.987242 -4.813009 -5.823407
-6.217026 -4.848976 -5.680943
-6.357396 -4.838913 -5.721146
-6.383648 -4.874683 -5.766656
-6.375021 -4.934994 -5.646448
-6.335131 -4.906219 -5.716874
-6.191036 -4.907719 -6.078481
-6.092011 -4.923402 -6.547580
-6.054883 -4.956567 -6.873896
-5.910435 -4.944316 -7.032379
-5.556927 -4.874317 -7.413304
-5.075763 -4.737432 -7.868792
-4.431163 -4.586199 -8.422428
-3.606336 -4.388931 -9.289540
-2.633572 -4.177253 -10.346033
-1.614065 -4.009687 -11.307976
-0.645926 -3.816436 -12.142927
0.260929 -3.576605 -12.759900
0.969759 -3.265417 -13.265806
1.487523 -2.997160 -13.644132
1.943048 -2.858718 -13.973475
2.275556 -2.683033 -14.067147
2.571873 -2.594273 -13.905585
2.881157 -2.597949 -13.732964
3.254840 -2.569549 -13.648307
3.698655 -2.443291 -13.715765
4.188606 -2.264731 -13.903050
4.549121 -2.040393 -13.943660
4.743906 -1.798032 -13.905710
4.841702 -1.546905 -13.915201
4.784792 -1.404692 -13.933935
4.702441 -1.313579 -13.964584
4.568662 -1.070882 -14.015500
4.660779 -0.854435 -14.031905
4.777110 -0.772607 -13.822773
4.997708 -0.873236 -13.896712
5.198659 -0.881283 -13.912272
5.343447 -0.928467 -13.625592
5.417733 -0.974164 -13.347895
5.490219 -0.895244 -13.243955
5.450208 -0.716667 -13.149968
5.385997 -0.582772 -13.124290
5.319307 -0.449973 -13.202835
5.191343 -0.246152 -13.128699
5.074452 -0.181987 -12.922170
4.976165 -0.284700 -12.715121
4.921424 -0.379997 -12.424804
4.881546 -0.415937 -11.879008
4.919240 -0.437473 -11.369842
4.994420 -0.443778 -10.975276
5.056509 -0.477177 -10.559766
5.118637 -0.487040 -10.386353
5.207874 -0.518810 -10.268811
5.354977 -0.556240 -10.089759
5.523854 -0.533951 -10.093863
5.654628 -0.450423 -10.080497
5.659410 -0.441156 -9.980243
5.611318 -0.538274 -9.926969
5.490780 -0.568905 -9.743127
5.366505 -0.633797 -9.457224
5.239512 -0.683930 -9.299243
5.016008 -0.754679 -9.104097
4.767657 -0.879892 -8.615529
4.552236 -1.114464 -7.700330
4.244748 -1.207876 -6.734633
3.919901 -1.279147 -5.493632
3.599415 -1.360027 -4.288413
3.256539 -1.277486 -3.104198
3.040164 -1.267318 -2.573645
2.819025 -1.259407 -2.749058
2.468136 -1.171678 -2.990059
2.099124 -1.129435 -3.003175
1.901199 -1.204468 -2.964045
1.821764 -1.247418 -3.018437
1.846598 -1.286220 -3.012896
1.915845 -1.323277 -2.945008
2.008218 -1.320552 -2.828811
2.038696 -1.345953 -2.679789
2.054256 -1.340122 -2.568716
2.110989 -1.287813 -2.483346
2.133178 -1.149409 -2.314175
2.109902 -1.068861 -2.076627
2.052144 -0.982882 -1.821045
2.003519 -0.864433 -1.630778
1.848240 -0.731116 -1.433773
1.529674 -0.531656 -1.150089
1.178767 -0.302573 -0.727059
0.819493 0.029113 0.012828
0.365569 0.598284 1.191391
-0.057379 1.190160 2.450516
-0.458115 1.856949 3.479385
-0.691980 2.514229 4.447610
-0.791226 3.127396 5.353859
-0.828977 3.691958 6.074775
-0.941524 4.361229 6.611044
-0.954571 4.858166 6.980019
-1.033521 5.267063 7.188295
-1.242967 5.687216 7.047318
-1.419144 6.067546 6.738537
-1.680660 6.492550 6.468243
-1.821882 6.706123 6.416683
-1.989413 7.014099 6.346222
-2.120474 7.342887 5.800861
-2.271873 7.874881 5.572422
-2.497742 8.192987 5.671868
-2.579911 8.260324 5.724706
-2.721369 8.605765 5.685410
-2.883752 8.569095 5.556181
-3.136161 8.464707 5.420186
-3.328884 8.560742 5.496923
-3.378381 8.685348 5.730440
-3.501078 8.928490 6.011401
-3.694773 9.262686 6.388609
-3.957853 9.562836 6.708780
-4.167743 9.576109 6.898909
-4.405545 9.704437 7.117134
-4.481963 9.797835 7.486182
-4.490532 9.786343 7.809795
-4.539636 9.859263 8.106851
-4.545567 9.875373 8.371047
-4.634601 9.874437 8.486236
-4.579562 9.696411 8.708109
-4.473636 9.597966 8.925421
-4.348193 9.570195 8.955490
-4.260030 9.593894 8.974090
-4.206927 9.559393 9.006563
-4.219275 9.438300 8.896788
-4.215076 9.216451 8.683113
-4.171155 9.074849 8.499815
-4.036265 9.047632 8.419223
-3.818547 8.924413 8.520660
-3.775309 8.847598 8.555396
-3.862291 8.809708 8.495976
-3.997260 8.878361 8.358405
-4.052399 9.030485 8.283692
-3.987834 9.058186 8.303512
-3.911181 8.968381 8.397060
-3.897336 8.927535 8.461695
-3.881627 8.870741 8.479162
-3.782973 8.828286 8.477338
-3.707497 8.782198 8.431486
-3.698496 8.695013 8.392655
-3.786192 8.551153 8.332346
